1000 100
25 88
72 26
46 2
37 53
33 73
43 8
69 11
23 21
98 78
45 33
75 47
94 47
33 7
101 95
36 40
63 34
24 102
107 66
95 32
3 73
96 88
42 26
73 35
76 117
99 85
109 61
7 114
18 58
35 27
6 32
130 14
89 4
86 79
20 17
72 99
96 62
103 67
75 111
95 61
129 88
60 22
123 27
51 106
15 82
138 47
71 55
88 55
97 112
75 107
97 54
29 133
73 116
152 106
138 134
8 126
103 117
119 99
32 76
71 60
108 143
31 61
102 31
91 4
146 143
119 62
116 133
98 102
148 88
18 127
65 35
160 5
48 78
106 46
1 59
19 36
114 48
120 59
24 71
3 72
46 116
90 83
122 115
35 115
140 134
101 41
75 166
127 96
64 10
139 92
173 104
180 14
84 56
175 98
117 141
192 9
6 150
92 68
40 55
100 93
61 113
33 103
194 139
33 115
93 40
60 144
59 90
112 106
185 28
58 169
96 25
200 114
207 77
113 135
41 15
126 124
25 28
63 42
116 143
8 34
42 62
199 16
111 54
156 77
2 151
147 106
98 43
147 90
48 225
109 77
127 88
135 218
210 20
53 18
137 112
146 125
162 174
190 122
126 59
59 74
229 132
145 187
19 148
237 165
103 81
240 205
15 81
96 66
60 100
52 38
145 110
113 109
82 173
44 135
190 40
45 67
33 165
140 181
22 90
184 79
30 79
30 129
29 87
164 252
11 66
244 224
89 255
30 1
5 131
125 167
58 56
62 218
47 38
155 176
188 89
89 157
229 273
8 155
64 116
255 14
178 276
38 150
147 248
279 181
98 166
261 150
53 126
176 281
149 185
248 196
14 62
130 37
204 121
120 64
122 60
217 254
214 88
16 257
174 251
244 237
52 224
16 68
2 97
27 168
165 177
170 232
181 66
41 25
304 203
144 292
175 248
295 119
211 75
196 305
167 253
179 189
200 86
182 248
112 301
184 172
127 126
313 214
187 211
16 142
144 36
34 323
312 285
49 10
73 326
40 150
308 74
238 80
99 110
299 75
116 79
202 196
333 131
285 228
289 328
171 161
22 326
92 121
272 245
244 285
211 56
270 312
332 324
51 215
170 176
159 285
121 257
227 244
51 6
47 43
98 339
248 257
178 310
201 329
320 352
58 160
67 13
309 246
12 94
46 30
307 35
238 218
290 364
178 4
9 34
101 19
23 246
83 311
252 219
56 53
316 228
346 21
31 22
148 17
262 308
345 319
341 25
220 338
231 360
157 165
326 319
184 259
167 272
378 84
300 104
227 143
303 320
154 29
321 24
373 81
22 68
244 158
336 13
34 176
25 337
12 61
143 76
375 116
291 284
173 205
342 373
228 329
293 215
392 190
392 242
187 336
16 21
377 127
250 14
199 341
252 195
404 145
352 347
265 205
217 84
330 19
307 107
178 215
122 213
97 94
130 140
294 315
215 39
184 182
206 272
11 199
5 429
262 97
284 141
344 253
121 320
154 92
114 345
79 143
55 375
95 24
167 78
236 258
250 269
110 142
259 89
255 150
316 331
250 373
232 301
13 189
85 406
32 303
192 69
432 195
102 432
147 292
308 356
362 197
176 357
427 400
88 402
154 267
121 36
159 82
253 203
144 4
32 232
434 193
330 117
12 117
148 72
217 165
207 94
339 202
19 402
110 37
285 375
29 328
101 364
322 295
208 319
136 394
4 461
293 271
188 399
471 201
339 395
475 250
180 74
196 139
261 286
134 258
488 155
448 391
159 320
348 446
206 100
129 222
15 156
187 64
136 230
102 229
145 118
497 2
202 471
291 433
351 8
13 42
468 230
349 101
283 500
81 185
471 206
431 488
242 227
348 268
259 334
337 52
97 422
218 347
202 239
313 90
387 37
177 435
193 275
133 165
239 90
520 55
184 68
374 259
475 516
238 292
92 442
287 415
413 481
253 414
218 74
349 289
234 196
6 379
57 149
36 505
219 126
428 252
379 34
352 280
447 330
62 406
530 110
214 502
433 285
400 316
250 56
438 310
393 277
194 173
320 71
264 248
185 117
73 209
518 394
132 334
444 530
338 163
533 88
556 236
262 282
198 147
469 524
6 169
542 260
113 403
488 381
508 559
48 505
413 484
236 486
250 271
463 33
134 175
395 557
71 150
437 382
300 267
469 293
52 377
446 549
419 115
570 244
580 6
184 223
18 125
240 311
250 273
374 460
255 553
442 222
450 436
177 422
345 59
166 411
57 264
418 559
474 460
186 442
507 385
362 190
356 513
87 489
156 557
74 383
58 601
180 8
293 150
90 545
192 299
410 51
107 500
109 84
368 442
95 144
99 604
580 615
25 522
586 124
521 603
123 241
77 15
187 470
532 508
12 284
1 169
540 563
547 605
554 24
293 541
618 620
587 263
222 351
557 13
304 402
487 339
631 12
419 8
59 390
171 449
168 309
239 74
92 10
569 533
62 375
176 336
440 285
639 589
147 48
175 496
476 244
111 157
416 281
380 512
176 21
358 623
337 24
200 534
497 123
38 595
242 177
321 230
261 308
632 535
552 258
349 27
263 498
217 448
31 422
82 639
203 374
433 636
199 75
102 498
598 178
592 62
408 208
102 403
506 225
480 597
527 554
285 71
310 450
574 261
62 463
71 64
660 31
332 229
377 60
523 52
404 144
448 543
240 583
495 569
588 45
92 407
375 188
699 508
23 626
564 180
108 148
139 382
420 511
504 17
208 393
533 480
453 552
319 678
123 199
482 262
297 170
244 409
367 713
315 125
337 205
85 453
707 553
350 577
422 207
475 182
567 596
82 537
407 558
68 355
694 230
117 604
174 259
405 402
265 87
546 78
38 612
664 272
462 323
220 725
4 604
442 302
548 167
516 209
159 662
534 325
6 28
544 412
554 297
737 63
361 167
11 281
398 382
228 60
304 27
89 80
285 370
254 306
440 539
478 458
82 678
263 246
462 573
554 497
665 347
473 580
160 601
238 61
255 51
419 306
117 108
532 82
326 65
681 766
181 32
414 173
12 618
174 748
176 770
615 501
539 645
606 585
461 63
288 583
290 490
110 38
377 656
363 254
641 555
23 358
463 198
118 329
274 411
179 763
50 294
8 50
735 177
132 599
517 104
667 89
479 108
689 500
224 499
112 246
755 688
133 400
101 713
150 458
626 658
222 728
508 754
504 446
62 389
367 149
705 142
790 525
712 43
814 546
384 417
454 307
364 688
735 367
674 802
560 456
128 435
391 330
502 476
103 814
355 553
302 633
508 222
79 304
640 540
110 105
319 389
690 105
252 601
34 733
55 282
310 158
363 354
96 23
154 267
16 836
148 378
466 311
40 114
219 525
222 379
665 159
129 189
538 39
541 190
105 10
199 802
602 483
257 528
630 306
628 128
158 625
492 432
175 463
496 593
698 349
795 579
790 127
417 297
815 207
622 150
137 144
620 244
800 36
12 833
588 224
796 95
138 566
437 69
728 606
169 846
163 484
442 653
285 734
584 842
708 206
753 338
262 237
440 530
145 544
570 223
256 555
259 395
560 868
682 649
458 511
192 175
338 706
629 18
360 214
352 18
386 211
305 283
855 488
114 301
359 27
625 194
826 522
567 291
433 427
251 172
116 662
440 209
470 112
526 498
604 366
456 572
278 256
861 337
308 126
350 173
23 83
805 778
731 605
185 298
235 679
616 395
163 748
398 811
660 421
631 628
612 399
760 429
522 870
77 234
39 314
30 328
323 57
484 372
811 453
908 270
808 213
818 55
247 856
10 64
112 591
856 479
885 624
724 493
885 344
236 743
521 348
933 928
414 610
916 648
809 345
422 922
238 626
781 219
667 554
219 589
376 137
136 224
458 585
323 665
685 558
269 385
789 336
552 311
125 240
759 482
54 225
631 106
301 261
910 852
856 583
2 341
685 38
848 333
745 226
348 688
657 826
122 284
593 819
12 478
237 432
606 220
345 302
973 688
172 126
923 261
821 170
30 68
767 128
360 283
795 612
438 482
235 588
817 658
677 232
67 611
905 721
416 701
