200 200
69 195 112 124 54 61 16 27 73 153 143 128 198 182 10 166 175 119 93 158 188 67 119 10 185 43 161 33 36 175 42 12 177 46 81 83 81 48 138 18 138 178 12 65 81 118 168 172 142 139 9 182 168 115 100 9 185 86 3 199 144 10 100 171 169 184 165 103 174 9 20 88 132 15 115 104 61 23 82 173 190 13 168 80 132 194 73 20 194 117 128 150 180 158 131 18 5 41 151 55 41 177 9 85 87 105 16 199 17 139 107 67 97 60 143 129 54 54 156 97 145 108 59 135 2 65 114 8 130 27 173 61 19 125 139 95 71 82 192 143 52 33 95 64 13 1 144 87 150 158 66 73 192 131 25 34 82 129 103 131 161 43 20 181 127 149 177 170 162 127 31 100 124 81 188 117 200 190 33 187 171 38 108 126 130 18 172 183 77 28 38 109 57 26 22 133 22 171 92 121 40 118
67 50
172 40
109 34
129 45
99 54
100 46
182 1
138 117
115 88
120 156
25 198
15 191
152 144
138 57
129 71
197 155
152 200
57 96
65 14
122 183
8 162
58 52
166 58
129 99
153 124
130 197
169 15
9 148
24 119
26 187
77 191
34 95
167 196
65 171
169 193
120 127
97 53
37 17
161 25
16 64
104 1
108 158
156 30
200 124
106 87
48 131
49 158
155 136
1 163
21 117
64 196
119 188
85 102
162 174
82 167
72 77
192 84
118 63
172 200
95 198
174 106
167 98
90 146
62 39
101 16
126 92
88 120
88 113
169 178
189 162
84 156
139 158
17 143
69 29
128 190
97 14
5 61
96 25
50 156
111 14
21 102
129 7
61 123
170 148
197 22
109 45
135 179
40 105
95 88
95 44
129 160
61 96
39 114
26 148
29 113
40 33
151 197
116 29
141 186
143 186
109 105
189 105
98 31
152 62
182 190
53 177
196 183
162 91
16 88
132 29
180 174
21 120
183 98
104 88
25 57
51 130
72 138
191 88
162 38
187 153
154 194
198 89
119 7
146 122
93 40
124 132
74 135
192 25
131 25
174 198
159 165
127 157
68 112
165 15
59 122
170 156
163 9
76 185
101 54
71 199
60 159
77 64
159 55
147 88
24 57
94 174
153 168
21 36
146 8
165 128
83 155
85 90
157 181
48 11
152 181
132 197
103 3
61 172
163 87
192 168
75 91
35 141
197 91
2 175
191 135
20 7
49 194
138 113
93 197
85 53
114 27
27 164
42 69
91 76
30 109
144 86
138 61
97 86
42 71
90 65
168 191
119 65
118 101
15 191
34 68
8 196
138 148
146 3
65 35
69 107
176 44
123 93
182 153
31 176
102 24
53 65
194 103
174 126
64 82