1000
580 848 216 289 458 995 308 337 301 865 868 920 895 466 405 508 912 326 915 272 180 949 210 973 524 335 485 494 667 763 837 681 222 435 422 875 931 633 854 526 186 514 189 947 380 310 406 263 631 843 648 555 229 959 972 857 611 802 287 922 274 967 655 561 745 416 214 661 960 952 411 982 507 415 393 258 784 356 352 714 246 184 894 387 291 612 450 569 267 990 906 563 236 989 724 822 300 764 942 530 762 249 417 475 391 317 560 181 382 509 503 567 650 765 830 624 757 419 574 880 657 718 545 685 340 260 438 761 440 748 999 997 923 426 879 991 862 598 339 217 338 199 640 979 849 307 833 846 698 964 247 248 467 455 653 388 666 832 691 386 253 908 296 827 593 998 623 443 850 606 504 957 794 713 472 553 658 751 733 294 578 537 842 856 755 568 463 585 365 527 378 689 642 412 603 252 804 437 418 506 434 584 421 773 852 840 408 873 361 943 559 783 476 844 242 354 886 200 891 353 625 596 594 734 897 786 195 479 644 442 420 617 497 806 381 329 495 992 725 233 538 825 904 516 958 499 966 398 367 471 766 330 682 709 934 298 385 720 469 500 812 519 309 320 898 413 491 351 668 984 742 826 474 978 968 637 397 874 776 425 962 424 820 792 646 311 692 861 971 753 436 366 836 328 747 595 449 228 428 243 481 618 626 811 730 813 597 447 482 654 533 672 377 663 498 697 664 213 719 866 839 721 373 615 461 779 473 259 675 209 372 522 738 570 785 680 432 809 318 453 368 699 358 452 913 636 950 961 325 801 344 735 234 445 954 872 208 797 824 693 645 823 799 805 496 505 292 670 546 889 679 370 457 705 540 478 975 515 517 712 860 489 304 341 396 278 928 204 744 789 456 818 251 798 815 547 933 926 768 983 939 359 312 688 716 194 483 448 905 816 502 749 480 702 717 220 853 669 410 621 711 315 512 303 678 781 459 402 760 710 911 727 293 769 602 465 754 323 389 936 375 674 935 878 237 829 238 439 627 740 299 212 231 867 877 501 346 903 707 767 821 899 772 577 185 295 918 715 628 743 881 400 586 732 638 847 362 566 589 241 778 376 394 347 401 363 271 225 227 264 525 230 223 828 869 810 582 275 529 746 314 313 211 838 656 355 737 632 800 583 262 671 399 876 808 703 944 590 871 305 700 510 183 788 556 541 520 676 226 371 364 192 686 536 254 429 643 198 543 427 343 649 775 787 919 901 492 349 600 306 770 528 327 441 572 673 215 464 736 268 197 484 266 403 316 285 917 535 279 835 695 864 219 511 974 845 863 916 795 619 191 858 488 796 190 914 384 807 324 196 221 383 302 206 791 576 902 342 286 451 288 255 348 552 409 687 544 350 562 938 493 609 940 834 513 900 431 883 269 683 188 581 551 884 207 446 986 777 573 951 651 277 782 193 460 607 987 870 819 486 558 887 187 604 332 708 953 925 281 817 994 885 859 608 244 677 896 620 665 892 549 490 250 662 290 554 696 454 937 319 930 976 218 774 985 468 548 392 587 890 622 404 980 888 694 981 977 635 988 571 965 771 941 831 790 614 374 909 333 613 907 610 955 780 729 261 723 531 557 639 256 728 379 565 521 630 270 444 996 726 963 205 946 360 240 752 423 331 283 647 927 297 803 851 477 276 969 575 945 758 202 759 970 739 652 470 605 591 924 731 756 750 893 539 993 201 564 407 921 334 273 203 532 257 599 592 706 814 616 929 741 518 690 701 414 321 534 882 579 841 430 284 704 641 232 601 245 322 357 523 345 462 629 280 369 487 433 855 239 684 956 660 265 550 235 182 224 948 395 932 910 390 659 634 722 542 588 793 336 282 0 1 2 3 4 5 6 7 8 9 10 11 12 13 14 15 16 17 18 19 20 21 22 23 24 25 26 27 28 29 30 31 32 33 34 35 36 37 38 39 40 41 42 43 44 45 46 47 48 49 50 51 52 53 54 55 56 57 58 59 60 61 62 63 64 65 66 67 68 69 70 71 72 73 74 75 76 77 78 79 80 81 82 83 84 85 86 87 88 89 90 91 92 93 94 95 96 97 98 99 100 101 102 103 104 105 106 107 108 109 110 111 112 113 114 115 116 117 118 119 120 121 122 123 124 125 126 127 128 129 130 131 132 133 134 135 136 137 138 139 140 141 142 143 144 145 146 147 148 149 150 151 152 153 154 155 156 157 158 159 160 161 162 163 164 165 166 167 168 169 170 171 172 173 174 175 176 177 178 179
1 2
2 3
3 4
2 5
4 6
2 7
5 8
5 9
2 10
7 11
8 12
4 13
7 14
6 15
2 16
13 17
4 18
13 19
14 20
12 21
12 22
18 23
13 24
19 25
7 26
22 27
22 28
28 29
11 30
25 31
11 32
24 33
32 34
33 35
33 36
6 37
16 38
28 39
1 40
16 41
7 42
32 43
19 44
42 45
42 46
33 47
35 48
43 49
42 50
8 51
24 52
9 53
49 54
19 55
5 56
30 57
39 58
12 59
2 60
5 61
35 62
54 63
20 64
40 65
20 66
57 67
45 68
6 69
36 70
19 71
47 72
16 73
60 74
42 75
35 76
75 77
31 78
14 79
39 80
1 81
31 82
50 83
34 84
33 85
84 86
34 87
13 88
16 89
35 90
52 91
67 92
85 93
84 94
13 95
82 96
17 97
4 98
73 99
1 100
81 101
12 102
100 103
92 104
74 105
39 106
25 107
91 108
83 109
12 110
106 111
84 112
110 113
8 114
50 115
35 116
99 117
26 118
39 119
67 120
6 121
89 122
77 123
75 124
99 125
23 126
83 127
58 128
126 129
117 130
18 131
86 132
87 133
45 134
62 135
134 136
110 137
62 138
14 139
45 140
82 141
116 142
57 143
131 144
13 145
19 146
135 147
135 148
141 149
56 150
69 151
87 152
15 153
133 154
7 155
27 156
84 157
19 158
13 159
108 160
80 161
40 162
29 163
149 164
154 165
149 166
150 167
131 168
66 169
52 170
160 171
35 172
73 173
143 174
83 175
27 176
120 177
145 178
97 179
99 180
108 181
16 182
117 183
4 184
32 185
91 186
50 187
80 188
109 189
91 190
92 191
127 192
17 193
39 194
186 195
171 196
158 197
151 198
135 199
44 200
36 201
20 202
9 203
109 204
30 205
31 206
194 207
41 208
38 209
169 210
130 211
67 212
9 213
124 214
26 215
215 216
214 217
71 218
135 219
52 220
162 221
183 222
216 223
41 224
188 225
174 226
78 227
130 228
141 229
123 230
36 231
137 232
64 233
52 234
132 235
32 236
22 237
178 238
59 239
202 240
90 241
155 242
232 243
50 244
115 245
190 246
234 247
34 248
104 249
170 250
45 251
47 252
229 253
130 254
75 255
34 256
72 257
202 258
180 259
245 260
213 261
32 262
251 263
229 264
113 265
19 266
60 267
265 268
55 269
237 270
203 271
168 272
267 273
119 274
134 275
236 276
60 277
136 278
152 279
181 280
38 281
169 282
110 283
170 284
110 285
206 286
100 287
3 288
255 289
78 290
286 291
35 292
284 293
202 294
121 295
7 296
149 297
176 298
136 299
81 300
150 301
60 302
257 303
236 304
197 305
272 306
143 307
168 308
174 309
208 310
7 311
308 312
84 313
190 314
223 315
198 316
131 317
194 318
287 319
287 320
281 321
205 322
215 323
300 324
269 325
78 326
299 327
94 328
107 329
29 330
222 331
89 332
5 333
55 334
263 335
13 336
334 337
88 338
331 339
117 340
243 341
141 342
82 343
183 344
288 345
280 346
293 347
215 348
60 349
208 350
276 351
259 352
332 353
276 354
3 355
294 356
205 357
190 358
55 359
117 360
221 361
180 362
18 363
15 364
218 365
216 366
142 367
89 368
31 369
336 370
247 371
45 372
132 373
373 374
64 375
205 376
342 377
130 378
104 379
221 380
61 381
9 382
18 383
354 384
188 385
343 386
296 387
377 388
246 389
367 390
40 391
17 392
4 393
188 394
353 395
360 396
75 397
181 398
10 399
5 400
81 401
365 402
87 403
156 404
138 405
356 406
70 407
180 408
402 409
369 410
63 411
406 412
353 413
106 414
169 415
400 416
7 417
337 418
406 419
211 420
334 421
320 422
34 423
88 424
352 425
207 426
261 427
417 428
263 429
363 430
170 431
35 432
350 433
248 434
358 435
264 436
111 437
342 438
253 439
220 440
259 441
102 442
73 443
274 444
48 445
364 446
130 447
400 448
322 449
90 450
396 451
102 452
134 453
310 454
51 455
219 456
454 457
203 458
216 459
348 460
428 461
41 462
382 463
226 464
76 465
387 466
320 467
5 468
357 469
225 470
110 471
422 472
11 473
338 474
291 475
368 476
252 477
280 478
474 479
278 480
115 481
167 482
22 483
382 484
363 485
140 486
452 487
332 488
78 489
372 490
49 491
439 492
75 493
50 494
139 495
156 496
210 497
295 498
51 499
405 500
156 501
450 502
300 503
315 504
296 505
287 506
495 507
314 508
101 509
443 510
23 511
313 512
286 513
468 514
122 515
222 516
318 517
475 518
135 519
335 520
489 521
384 522
295 523
156 524
364 525
109 526
454 527
484 528
191 529
289 530
476 531
154 532
223 533
159 534
529 535
89 536
356 537
153 538
23 539
330 540
15 541
250 542
533 543
186 544
525 545
512 546
418 547
326 548
161 549
533 550
497 551
102 552
395 553
1 554
156 555
127 556
550 557
544 558
407 559
322 560
54 561
214 562
460 563
404 564
385 565
162 566
551 567
187 568
314 569
259 570
173 571
395 572
166 573
344 574
56 575
221 576
371 577
303 578
444 579
486 580
50 581
202 582
395 583
168 584
226 585
366 586
106 587
201 588
515 589
474 590
534 591
178 592
541 593
538 594
571 595
591 596
373 597
102 598
363 599
158 600
317 601
470 602
450 603
236 604
60 605
314 606
554 607
153 608
388 609
391 610
55 611
551 612
610 613
262 614
467 615
158 616
509 617
48 618
340 619
428 620
170 621
620 622
205 623
336 624
378 625
45 626
385 627
446 628
224 629
293 630
188 631
204 632
576 633
213 634
46 635
47 636
245 637
437 638
474 639
253 640
451 641
596 642
545 643
392 644
273 645
502 646
140 647
503 648
131 649
473 650
180 651
273 652
296 653
501 654
566 655
224 656
286 657
443 658
569 659
651 660
122 661
566 662
293 663
245 664
314 665
351 666
347 667
209 668
30 669
611 670
182 671
421 672
27 673
330 674
241 675
537 676
75 677
497 678
476 679
558 680
436 681
554 682
487 683
115 684
656 685
69 686
158 687
561 688
537 689
340 690
506 691
364 692
103 693
76 694
577 695
6 696
456 697
476 698
687 699
440 700
167 701
614 702
29 703
24 704
569 705
109 706
166 707
146 708
696 709
498 710
460 711
480 712
701 713
205 714
233 715
456 716
485 717
182 718
604 719
592 720
529 721
541 722
722 723
636 724
28 725
375 726
286 727
161 728
693 729
680 730
132 731
220 732
613 733
417 734
718 735
26 736
392 737
328 738
663 739
348 740
405 741
628 742
47 743
602 744
585 745
370 746
642 747
376 748
37 749
242 750
493 751
563 752
580 753
276 754
326 755
215 756
194 757
245 758
228 759
432 760
119 761
451 762
143 763
369 764
349 765
560 766
143 767
745 768
2 769
53 770
14 771
489 772
751 773
727 774
488 775
774 776
283 777
388 778
584 779
432 780
447 781
515 782
691 783
420 784
603 785
149 786
437 787
732 788
483 789
197 790
22 791
529 792
487 793
558 794
232 795
216 796
125 797
661 798
275 799
183 800
23 801
276 802
503 803
494 804
678 805
172 806
237 807
803 808
748 809
496 810
2 811
302 812
68 813
197 814
210 815
793 816
526 817
520 818
770 819
727 820
821 820
822 821
823 822
824 823
825 824
826 825
827 826
828 827
829 828
830 829
831 830
832 831
833 832
834 833
835 834
836 835
837 836
838 837
839 838
840 839
841 840
842 841
843 842
844 843
845 844
846 845
847 846
848 847
849 848
850 849
851 850
852 851
853 852
854 853
855 854
856 855
857 856
858 857
859 858
860 859
861 860
862 861
863 862
864 863
865 864
866 865
867 866
868 867
869 868
870 869
871 870
872 871
873 872
874 873
875 874
876 875
877 876
878 877
879 878
880 879
881 880
882 881
883 882
884 883
885 884
886 885
887 886
888 887
889 888
890 889
891 890
892 891
893 892
894 893
895 894
896 895
897 896
898 897
899 898
900 899
901 900
902 901
903 902
904 903
905 904
906 905
907 906
908 907
909 908
910 909
911 910
912 911
913 912
914 913
915 914
916 915
917 916
918 917
919 918
920 919
921 920
922 921
923 922
924 923
925 924
926 925
927 926
928 927
929 928
930 929
931 930
932 931
933 932
934 933
935 934
936 935
937 936
938 937
939 938
940 939
941 940
942 941
943 942
944 943
945 944
946 945
947 946
948 947
949 948
950 949
951 950
952 951
953 952
954 953
955 954
956 955
957 956
958 957
959 958
960 959
961 960
962 961
963 962
964 963
965 964
966 965
967 966
968 967
969 968
970 969
971 970
972 971
973 972
974 973
975 974
976 975
977 976
978 977
979 978
980 979
981 980
982 981
983 982
984 983
985 984
986 985
987 986
988 987
989 988
990 989
991 990
992 991
993 992
994 993
995 994
996 995
997 996
998 997
999 998
1000 999
500
1 552 159
1 527 388
2
1 389 685
2
1 587 884
1 550 549
1 345 464
1 566 777
2
1 705 962
1 862 138
2
1 28 20
2
1 865 555
1 253 591
1 136 601
1 37 485
2
1 913 500
2
1 342 478
2
1 362 46
1 486 259
2
1 25 513
1 889 419
2
1 378 493
1 45 628
1 613 16
2
1 868 525
1 209 354
1 606 145
2
1 798 864
1 310 845
1 729 584
1 89 880
1 50 257
1 495 653
2
1 352 608
2
1 846 847
2
1 992 342
1 207 766
2
1 569 51
2
1 958 649
2
1 121 800
2
1 633 125
2
1 161 592
2
1 782 7
1 476 157
2
1 353 593
2
1 445 403
2
1 361 445
1 512 533
1 132 671
1 588 304
1 748 247
1 107 665
1 615 820
2
1 429 232
2
1 426 223
1 813 626
1 417 338
2
1 903 140
1 206 340
2
1 667 805
2
1 572 125
1 408 739
1 188 322
2
1 54 410
2
1 681 218
1 913 634
1 815 126
2
1 822 373
2
1 9 840
2
1 988 580
1 298 339
2
1 804 926
1 137 331
1 169 900
1 433 886
2
1 224 247
2
1 273 397
2
1 847 282
2
1 604 835
1 978 132
2
1 716 134
2
1 342 742
1 227 491
1 237 163
1 63 738
2
1 641 688
2
1 919 488
2
1 436 522
2
1 917 865
2
1 606 359
2
1 867 747
2
1 515 382
2
1 985 930
2
1 325 978
2
1 525 596
1 313 469
1 529 320
1 460 656
1 837 613
2
1 601 703
1 116 84
2
1 209 397
2
1 187 186
2
1 881 134
2
1 840 545
1 105 73
1 728 885
1 51 721
2
1 634 3
2
1 117 506
1 979 715
1 165 252
1 651 254
2
1 715 253
1 140 526
1 24 807
1 96 701
1 870 953
1 80 938
1 548 796
2
1 793 526
2
1 366 82
2
1 945 814
2
1 458 822
1 481 981
2
1 892 576
2
1 922 120
2
1 776 717
2
1 819 654
2
1 408 901
1 221 504
1 673 822
2
1 837 221
2
1 38 869
2
1 602 187
2
1 843 66
1 773 444
2
1 890 463
2
1 370 629
2
1 467 544
2
1 709 687
2
1 674 578
1 860 430
2
1 778 274
2
1 523 221
1 337 835
1 558 701
1 1000 423
1 819 966
1 857 787
1 134 423
2
1 835 893
1 742 253
1 844 382
2
1 462 366
2
1 490 65
1 912 649
2
1 429 877
2
1 490 286
1 895 771
1 81 664
2
1 126 174
1 226 18
1 688 383
1 104 437
2
1 496 752
1 724 647
2
1 724 91
2
1 45 846
2
1 661 125
2
1 778 139
2
1 50 381
2
1 859 486
2
1 204 610
1 928 257
1 18 917
2
1 901 249
2
1 587 409
2
1 867 237
1 935 903
1 689 304
1 547 789
1 157 673
2
1 8 413
1 377 329
2
1 149 625
1 557 693
2
1 33 446
1 287 111
1 591 157
2
1 809 731
2
1 635 965
1 995 729
2
1 411 371
2
1 366 911
1 162 820
2
1 101 546
2
1 883 674
2
1 153 560
2
1 61 908
2
1 95 142
1 817 903
1 516 59
2
1 884 556
1 148 368
2
1 667 874
1 89 109
2
1 877 594
1 290 853
1 431 730
1 333 121
1 743 274
1 518 338
2
1 990 807
1 162 290
1 7 308
1 787 397
2
1 910 16
1 847 305
2
1 395 230
2
1 513 21
2
1 471 382
2
1 354 812
1 651 973
2
1 885 408
1 226 833
2
1 789 420
2
1 522 875
2
1 461 303
2
1 890 170
2
1 433 78
1 405 259
1 736 396
1 853 280
1 985 506
2
1 489 125
1 11 999
1 313 995
1 464 503
1 84 744
2
1 56 868
1 568 273
2
1 459 839
1 316 942
1 944 138
1 913 627
1 675 989
1 544 653
1 287 116
2
1 138 482
2
1 43 570
1 402 100
1 613 910
2
1 77 160
1 55 831
2
1 459 43
2
1 440 2
2
1 66 405
1 484 542
1 879 463
1 280 563
2
1 402 245
2
1 568 478
2
1 438 352
1 9 810
1 448 164
1 852 804
2
1 35 746
1 913 208
2
1 270 544
1 671 788
1 500 544
2
1 265 383
2
1 927 426
2
1 765 375
1 315 578
1 349 323
1 613 883
1 509 4
2
1 403 648
1 254 191
2
1 471 636
2
1 517 896
1 243 837
1 821 580
1 495 600
2
1 317 377
1 825 733
2
1 855 473
2
1 829 109
2
1 277 299
2
1 316 145
1 5 740
1 360 912
2
1 817 64
2
1 867 536
2
1 381 899
2
1 655 396
2
1 351 750
1 249 140
1 630 807
2
1 208 591
2
1 586 614
2
1 207 318
1 546 875
1 740 255
2
1 141 394
2
1 848 492
2
1 794 406
2
1 664 604
1 166 126
2
1 326 837
2
1 255 643
1 862 858
1 215 946
2
1 272 2
1 259 201
2
1 741 52
1 404 7
2
1 851 922
1 176 110
1 818 504
2
1 748 675
1 962 973
2
1 578 963
1 836 516
1 239 121
1 598 484
1 82 756
2
1 238 981
2
1 302 93
1 329 239
