1000
331 748 411 270 154 301 324 223 976 830 491 511 685 227 507 744 492 225 292 437 942 300 894 838 560 157 190 361 308 184 478 840 512 890 650 996 704 626 534 166 895 716 675 664 985 487 431 284 425 307 264 630 552 659 568 861 751 759 336 884 763 777 416 201 619 765 327 682 332 306 707 352 419 536 836 617 278 905 200 559 538 215 516 940 844 717 746 506 344 241 900 623 210 710 518 752 222 734 343 299 430 499 624 309 493 579 448 815 359 877 394 919 686 576 599 821 881 509 175 338 294 822 262 824 586 263 480 404 484 806 602 878 400 789 335 370 418 848 320 420 468 191 326 641 635 600 834 843 689 632 810 876 242 607 573 934 609 220 451 983 546 488 708 615 786 211 949 255 532 239 864 188 315 373 906 747 637 807 620 388 174 575 171 963 387 887 366 170 565 886 769 540 261 421 673 375 508 497 330 931 199 578 444 456 424 652 401 563 276 398 408 792 835 218 639 525 638 951 379 503 486 627 937 474 501 676 337 969 979 570 596 991 873 670 915 169 445 204 819 783 839 347 695 592 550 698 663 249 458 177 202 535 393 804 867 555 640 975 289 847 971 382 927 856 318 780 875 426 593 735 358 984 981 700 719 860 729 580 557 297 691 479 469 587 457 649 693 514 944 826 799 998 355 973 423 721 680 515 156 376 528 703 883 817 293 802 828 520 395 396 342 348 953 378 406 183 671 730 986 950 760 988 667 463 697 173 779 252 732 232 470 774 212 442 286 483 750 775 482 165 433 461 475 214 588 645 413 764 816 853 938 522 941 186 961 770 311 720 476 295 606 258 958 485 181 597 706 687 899 228 235 304 995 302 288 365 660 968 945 452 980 172 644 266 923 364 207 490 198 269 865 924 317 911 868 328 903 377 585 742 510 672 473 955 569 709 517 605 564 616 736 920 648 776 544 429 287 161 465 236 699 654 238 849 766 657 749 982 889 325 880 959 548 896 812 846 977 159 926 533 549 791 265 666 625 797 787 965 668 193 902 224 692 755 870 527 921 164 731 614 651 993 612 345 866 367 321 471 247 674 740 643 621 391 772 271 723 871 435 240 932 162 231 558 581 930 725 761 219 818 554 832 481 237 281 163 351 260 339 216 282 795 230 974 661 793 811 936 312 205 316 711 891 966 909 603 449 622 994 823 410 524 494 254 566 447 403 662 842 389 604 409 715 634 705 440 618 678 221 372 636 814 925 854 701 904 841 415 422 778 368 196 753 267 197 738 360 489 380 462 948 434 519 179 443 688 916 369 922 572 745 679 314 383 248 556 412 279 319 928 611 869 280 384 858 333 728 656 428 577 882 724 460 827 357 960 939 213 852 250 551 845 185 259 918 189 521 646 346 690 226 495 303 399 439 756 613 908 417 298 405 726 283 897 539 907 341 829 653 155 946 910 438 233 831 374 978 275 737 962 970 718 349 912 589 203 356 529 251 798 935 305 850 334 809 362 727 446 432 893 455 863 217 583 274 837 972 933 713 781 647 454 642 381 629 209 537 964 677 851 561 502 943 562 892 296 633 913 999 859 992 952 628 790 574 683 665 340 466 901 390 758 178 741 771 825 464 545 160 180 246 500 743 523 363 702 929 467 290 329 567 477 176 857 879 658 277 681 696 714 553 874 956 530 385 954 386 739 194 808 244 997 414 754 590 967 631 917 206 436 571 353 234 427 591 767 459 153 253 694 803 712 800 990 598 669 158 257 310 684 594 785 989 182 762 722 167 354 862 371 796 784 323 542 957 582 788 855 256 768 322 608 820 407 813 272 243 543 773 914 496 595 885 229 192 392 584 504 472 187 513 872 898 888 547 397 402 801 733 601 655 833 541 987 947 168 273 782 794 268 757 505 285 610 498 450 195 531 291 441 805 208 313 453 350 526 245 0 1 2 3 4 5 6 7 8 9 10 11 12 13 14 15 16 17 18 19 20 21 22 23 24 25 26 27 28 29 30 31 32 33 34 35 36 37 38 39 40 41 42 43 44 45 46 47 48 49 50 51 52 53 54 55 56 57 58 59 60 61 62 63 64 65 66 67 68 69 70 71 72 73 74 75 76 77 78 79 80 81 82 83 84 85 86 87 88 89 90 91 92 93 94 95 96 97 98 99 100 101 102 103 104 105 106 107 108 109 110 111 112 113 114 115 116 117 118 119 120 121 122 123 124 125 126 127 128 129 130 131 132 133 134 135 136 137 138 139 140 141 142 143 144 145 146 147 148 149 150 151 152
1 2
2 3
3 4
1 5
3 6
5 7
5 8
5 9
1 10
6 11
3 12
12 13
2 14
14 15
10 16
1 17
7 18
14 19
10 20
4 21
3 22
12 23
9 24
4 25
20 26
15 27
16 28
24 29
23 30
14 31
18 32
9 33
21 34
15 35
31 36
10 37
10 38
7 39
3 40
21 41
3 42
18 43
14 44
11 45
10 46
33 47
20 48
40 49
42 50
46 51
4 52
38 53
32 54
49 55
47 56
14 57
5 58
38 59
10 60
38 61
45 62
45 63
41 64
26 65
31 66
46 67
56 68
58 69
32 70
46 71
13 72
26 73
36 74
39 75
22 76
10 77
27 78
32 79
55 80
3 81
71 82
7 83
77 84
25 85
1 86
61 87
42 88
21 89
53 90
11 91
64 92
16 93
84 94
68 95
41 96
59 97
1 98
66 99
89 100
65 101
53 102
11 103
77 104
68 105
76 106
33 107
26 108
73 109
11 110
61 111
98 112
68 113
113 114
101 115
82 116
17 117
50 118
79 119
58 120
2 121
72 122
38 123
26 124
1 125
22 126
122 127
81 128
62 129
118 130
129 131
105 132
1 133
82 134
72 135
116 136
97 137
133 138
93 139
86 140
23 141
27 142
41 143
102 144
88 145
50 146
21 147
73 148
43 149
54 150
58 151
91 152
48 153
141 154
123 155
41 156
74 157
157 158
40 159
18 160
127 161
10 162
41 163
27 164
125 165
25 166
87 167
7 168
14 169
126 170
65 171
24 172
123 173
64 174
144 175
60 176
104 177
15 178
172 179
3 180
151 181
82 182
172 183
165 184
163 185
30 186
1 187
155 188
112 189
172 190
27 191
118 192
99 193
90 194
5 195
151 196
18 197
107 198
94 199
82 200
193 201
38 202
35 203
16 204
68 205
124 206
111 207
190 208
97 209
136 210
39 211
26 212
192 213
5 214
74 215
187 216
216 217
160 218
11 219
75 220
105 221
69 222
81 223
155 224
77 225
58 226
16 227
188 228
215 229
229 230
113 231
136 232
38 233
221 234
87 235
13 236
162 237
179 238
101 239
156 240
216 241
235 242
204 243
200 244
2 245
167 246
172 247
197 248
138 249
14 250
220 251
250 252
179 253
199 254
86 255
2 256
100 257
160 258
115 259
18 260
195 261
23 262
158 263
66 264
84 265
44 266
24 267
125 268
29 269
164 270
230 271
81 272
45 273
23 274
190 275
56 276
19 277
43 278
123 279
69 280
97 281
43 282
255 283
205 284
281 285
25 286
199 287
105 288
5 289
13 290
89 291
7 292
219 293
48 294
96 295
53 296
295 297
208 298
73 299
167 300
71 301
42 302
251 303
160 304
246 305
23 306
269 307
148 308
149 309
308 310
269 311
274 312
148 313
107 314
91 315
217 316
111 317
28 318
243 319
264 320
97 321
43 322
38 323
280 324
58 325
13 326
240 327
258 328
128 329
247 330
181 331
262 332
252 333
220 334
242 335
174 336
90 337
142 338
65 339
82 340
182 341
148 342
43 343
198 344
230 345
241 346
52 347
240 348
300 349
201 350
147 351
317 352
348 353
6 354
232 355
105 356
258 357
200 358
63 359
61 360
24 361
311 362
216 363
210 364
272 365
196 366
170 367
302 368
297 369
200 370
25 371
238 372
196 373
333 374
43 375
327 376
81 377
55 378
245 379
290 380
160 381
39 382
156 383
162 384
206 385
358 386
152 387
306 388
247 389
383 390
388 391
338 392
15 393
127 394
232 395
282 396
42 397
148 398
297 399
9 400
216 401
112 402
319 403
117 404
53 405
123 406
197 407
83 408
241 409
291 410
339 411
109 412
189 413
339 414
104 415
269 416
58 417
60 418
97 419
52 420
215 421
370 422
413 423
102 424
128 425
163 426
64 427
335 428
227 429
133 430
136 431
114 432
352 433
54 434
60 435
111 436
14 437
97 438
265 439
312 440
169 441
180 442
39 443
220 444
97 445
93 446
127 447
295 448
116 449
443 450
425 451
6 452
106 453
415 454
414 455
14 456
105 457
8 458
319 459
169 460
39 461
144 462
297 463
381 464
53 465
446 466
24 467
121 468
186 469
57 470
220 471
455 472
439 473
48 474
66 475
381 476
127 477
229 478
305 479
312 480
5 481
124 482
198 483
63 484
306 485
437 486
29 487
49 488
481 489
327 490
316 491
39 492
326 493
196 494
3 495
400 496
312 497
340 498
186 499
91 500
364 501
401 502
391 503
52 504
325 505
346 506
217 507
209 508
416 509
148 510
47 511
237 512
177 513
163 514
321 515
358 516
274 517
125 518
43 519
222 520
424 521
123 522
72 523
151 524
222 525
197 526
61 527
20 528
147 529
182 530
482 531
431 532
493 533
373 534
122 535
105 536
302 537
502 538
41 539
467 540
256 541
61 542
422 543
132 544
520 545
492 546
246 547
432 548
339 549
506 550
138 551
2 552
302 553
502 554
184 555
76 556
233 557
543 558
22 559
179 560
32 561
129 562
273 563
38 564
233 565
434 566
484 567
541 568
395 569
502 570
102 571
99 572
509 573
380 574
379 575
283 576
552 577
279 578
62 579
371 580
238 581
108 582
501 583
137 584
430 585
280 586
320 587
467 588
161 589
485 590
531 591
553 592
494 593
341 594
477 595
272 596
24 597
296 598
159 599
486 600
156 601
579 602
553 603
395 604
592 605
239 606
186 607
532 608
121 609
139 610
10 611
225 612
400 613
215 614
392 615
165 616
517 617
333 618
250 619
213 620
235 621
410 622
539 623
315 624
266 625
158 626
298 627
524 628
137 629
282 630
434 631
617 632
204 633
469 634
127 635
19 636
423 637
94 638
252 639
629 640
361 641
300 642
362 643
61 644
548 645
607 646
394 647
76 648
496 649
142 650
131 651
597 652
471 653
269 654
4 655
400 656
75 657
88 658
389 659
56 660
522 661
561 662
46 663
79 664
358 665
239 666
274 667
576 668
494 669
49 670
660 671
324 672
564 673
664 674
439 675
278 676
187 677
238 678
103 679
584 680
233 681
612 682
478 683
460 684
675 685
147 686
536 687
283 688
491 689
650 690
36 691
474 692
364 693
415 694
179 695
350 696
677 697
650 698
520 699
504 700
213 701
486 702
310 703
142 704
141 705
251 706
596 707
670 708
36 709
250 710
89 711
562 712
594 713
302 714
380 715
28 716
33 717
79 718
47 719
392 720
61 721
635 722
52 723
200 724
724 725
537 726
464 727
280 728
676 729
583 730
319 731
667 732
371 733
448 734
125 735
586 736
362 737
558 738
626 739
141 740
600 741
340 742
617 743
248 744
566 745
7 746
285 747
60 748
222 749
679 750
64 751
388 752
192 753
735 754
268 755
675 756
732 757
361 758
273 759
651 760
296 761
276 762
500 763
656 764
755 765
160 766
695 767
260 768
464 769
92 770
265 771
708 772
627 773
679 774
647 775
710 776
16 777
313 778
411 779
417 780
51 781
390 782
534 783
71 784
628 785
364 786
331 787
161 788
680 789
688 790
154 791
311 792
80 793
252 794
664 795
697 796
559 797
207 798
577 799
796 800
217 801
134 802
206 803
30 804
439 805
732 806
536 807
693 808
493 809
594 810
238 811
235 812
289 813
558 814
287 815
572 816
162 817
229 818
126 819
452 820
299 821
248 822
23 823
383 824
766 825
495 826
27 827
410 828
434 829
249 830
535 831
69 832
61 833
416 834
677 835
624 836
785 837
385 838
94 839
385 840
45 841
504 842
800 843
322 844
735 845
311 846
482 847
848 847
849 848
850 849
851 850
852 851
853 852
854 853
855 854
856 855
857 856
858 857
859 858
860 859
861 860
862 861
863 862
864 863
865 864
866 865
867 866
868 867
869 868
870 869
871 870
872 871
873 872
874 873
875 874
876 875
877 876
878 877
879 878
880 879
881 880
882 881
883 882
884 883
885 884
886 885
887 886
888 887
889 888
890 889
891 890
892 891
893 892
894 893
895 894
896 895
897 896
898 897
899 898
900 899
901 900
902 901
903 902
904 903
905 904
906 905
907 906
908 907
909 908
910 909
911 910
912 911
913 912
914 913
915 914
916 915
917 916
918 917
919 918
920 919
921 920
922 921
923 922
924 923
925 924
926 925
927 926
928 927
929 928
930 929
931 930
932 931
933 932
934 933
935 934
936 935
937 936
938 937
939 938
940 939
941 940
942 941
943 942
944 943
945 944
946 945
947 946
948 947
949 948
950 949
951 950
952 951
953 952
954 953
955 954
956 955
957 956
958 957
959 958
960 959
961 960
962 961
963 962
964 963
965 964
966 965
967 966
968 967
969 968
970 969
971 970
972 971
973 972
974 973
975 974
976 975
977 976
978 977
979 978
980 979
981 980
982 981
983 982
984 983
985 984
986 985
987 986
988 987
989 988
990 989
991 990
992 991
993 992
994 993
995 994
996 995
997 996
998 997
999 998
1000 999
500
1 934 492
1 896 862
1 509 280
1 872 478
2
1 650 888
2
1 183 667
1 990 926
1 666 891
2
1 942 777
2
1 116 785
1 11 647
2
1 452 872
2
1 468 792
2
1 369 32
1 304 215
2
1 627 984
1 74 130
1 256 72
2
1 204 723
1 209 85
2
1 886 660
2
1 385 353
2
1 704 105
1 440 761
1 419 744
2
1 76 844
1 352 451
1 556 173
2
1 488 116
2
1 615 373
1 999 725
1 103 460
2
1 317 215
2
1 993 735
2
1 478 420
1 981 771
1 338 678
1 825 793
1 549 920
1 625 145
1 436 967
2
1 5 845
2
1 245 963
2
1 226 174
1 349 553
2
1 292 378
1 468 523
2
1 325 368
1 660 992
1 802 427
2
1 257 807
1 854 121
2
1 470 27
1 818 932
1 196 35
2
1 6 718
2
1 961 373
1 972 716
1 126 143
1 932 118
1 404 203
2
1 290 372
2
1 734 221
2
1 43 281
2
1 245 401
1 557 125
1 880 841
2
1 460 5
1 221 288
1 484 691
2
1 721 125
2
1 231 806
2
1 911 625
1 507 377
1 63 502
2
1 261 295
1 72 299
2
1 836 292
2
1 43 288
2
1 947 769
1 602 351
1 864 327
2
1 686 371
2
1 898 288
2
1 730 277
2
1 615 668
1 741 296
1 344 690
2
1 106 290
1 61 243
2
1 190 452
2
1 613 746
2
1 324 44
2
1 377 647
1 318 613
2
1 481 547
1 290 488
1 450 945
1 936 6
1 477 809
1 574 945
2
1 226 920
2
1 395 350
1 7 493
2
1 134 711
2
1 53 973
1 502 269
2
1 769 789
1 986 617
2
1 451 816
2
1 2 847
1 919 593
1 505 599
2
1 631 638
1 683 962
2
1 301 536
1 421 324
1 407 940
1 574 481
1 967 941
2
1 613 60
1 212 646
2
1 706 225
1 668 996
2
1 714 250
1 390 105
2
1 749 681
2
1 939 322
1 959 288
1 571 348
2
1 675 782
1 733 358
2
1 531 752
1 597 1
1 986 105
1 18 203
1 531 319
2
1 243 985
2
1 786 942
1 919 286
2
1 801 277
2
1 378 552
2
1 498 974
1 383 311
1 16 328
2
1 137 322
2
1 278 704
2
1 142 319
2
1 387 284
2
1 90 720
1 641 26
2
1 495 1
2
1 976 822
1 297 32
2
1 282 213
2
1 526 122
2
1 846 912
2
1 338 328
1 715 187
2
1 533 589
2
1 687 94
1 70 536
1 648 114
1 854 395
2
1 663 379
2
1 365 860
2
1 336 54
1 868 120
2
1 961 752
1 647 198
2
1 951 69
1 334 68
1 434 273
2
1 205 448
1 922 660
1 327 199
2
1 997 447
1 100 506
2
1 979 297
1 399 29
1 466 226
1 739 817
2
1 465 742
1 124 739
2
1 431 674
1 877 597
1 383 969
1 848 653
1 91 631
2
1 954 989
2
1 937 123
1 678 397
1 768 580
2
1 144 947
2
1 991 93
1 725 413
2
1 13 572
2
1 428 93
2
1 222 275
1 753 563
2
1 848 101
1 532 571
2
1 913 646
2
1 571 822
2
1 988 635
2
1 239 354
2
1 735 636
2
1 682 297
1 134 241
2
1 154 704
2
1 523 151
1 344 491
1 830 555
1 328 894
2
1 625 566
2
1 884 711
2
1 836 565
1 458 50
1 612 105
1 762 227
1 252 506
2
1 209 158
2
1 707 536
2
1 957 683
2
1 419 840
1 606 756
2
1 254 63
1 63 674
1 98 788
2
1 348 476
2
1 304 891
1 306 949
2
1 735 262
1 505 454
2
1 181 110
1 786 172
2
1 762 848
2
1 23 754
2
1 808 923
1 379 578
1 755 883
2
1 651 841
1 129 345
1 662 454
2
1 149 447
2
1 807 262
2
1 715 181
2
1 460 523
2
1 268 751
1 764 674
1 713 676
2
1 350 222
2
1 616 327
2
1 859 262
2
1 192 874
2
1 145 647
2
1 903 397
1 928 756
2
1 773 603
1 347 407
2
1 880 443
1 732 39
2
1 359 391
1 981 934
2
1 615 125
1 518 873
1 445 981
1 48 288
2
1 495 806
2
1 922 937
1 654 327
1 396 576
1 329 697
1 260 512
1 573 126
2
1 743 536
1 30 560
2
1 996 520
1 727 562
1 648 484
1 372 137
2
1 792 805
1 655 219
2
1 747 132
1 635 127
1 194 918
2
1 512 901
2
1 829 74
2
1 462 829
2
1 280 557
1 843 700
1 17 706
1 763 837
2
1 515 397
1 507 942
2
1 145 371
2
1 293 326
1 107 154
1 15 705
2
1 221 66
1 237 771
2
1 625 351
1 139 100
2
1 252 998
2
1 233 396
2
1 218 526
1 669 984
1 47 998
1 619 63
2
1 457 207
2
1 768 81
1 329 572
2
1 283 580
1 515 327
1 392 400
2
1 391 727
2
1 656 789
1 38 759
1 846 965
2
1 936 926
2
1 577 616
2
1 408 859
1 913 725
2
1 953 987
2
1 271 563
2
1 275 760
2
1 452 239
1 730 112
2
1 153 578
