100
77 87 68 21 93 23 41 91 90 53 43 27 12 46 33 83 97 66 49 16 81 52 39 85 42 36 78 62 47 55 56 65 88 31 82 86 18 72 35 32 38 76 73 37 60 92 45 74 57 26 22 64 70 28 29 30 25 19 96 51 69 44 17 95 71 61 79 67 50 89 84 99 94 59 48 20 14 24 11 15 34 98 63 40 13 54 80 58 75 0 1 2 3 4 5 6 7 8 9 10
1 2
2 3
2 4
1 5
2 6
5 7
3 8
8 9
9 10
6 11
8 12
4 13
11 14
5 15
10 16
5 17
12 18
16 19
11 20
15 21
15 22
8 23
15 24
22 25
15 26
22 27
19 28
4 29
27 30
25 31
3 32
11 33
14 34
30 35
34 36
34 37
30 38
3 39
28 40
3 41
27 42
27 43
11 44
21 45
35 46
45 47
38 48
23 49
30 50
2 51
25 52
12 53
29 54
18 55
36 56
32 57
49 58
36 59
12 60
30 61
44 62
27 63
41 64
12 65
41 66
52 67
17 68
59 69
18 70
47 71
3 72
13 73
42 74
53 75
3 76
17 77
68 78
2 79
29 80
40 81
14 82
74 83
46 84
17 85
50 86
33 87
40 88
48 89
90 89
91 90
92 91
93 92
94 93
95 94
96 95
97 96
98 97
99 98
100 99
100
1 94 54
1 94 51
2
1 97 45
2
1 91 25
1 41 87
2
1 100 63
2
1 65 14
1 66 22
1 69 13
2
1 64 14
1 8 7
1 4 51
1 80 76
2
1 17 18
1 80 24
2
1 8 54
2
1 6 29
1 26 93
1 40 10
1 46 30
2
1 73 49
2
1 11 52
2
1 76 27
2
1 21 70
2
1 9 13
2
1 49 8
1 59 54
2
1 32 88
2
1 55 32
1 7 56
1 28 88
2
1 76 24
2
1 66 39
2
1 27 22
2
1 60 22
2
1 20 74
2
1 23 11
2
1 69 30
1 96 69
1 71 36
1 15 73
1 24 90
1 50 11
1 23 33
2
1 100 82
1 56 72
2
1 39 18
2
1 44 66
2
1 3 79
2
1 100 70
1 9 93
2
1 87 77
1 52 3
2
1 20 39
1 66 37
2
1 16 40
2
1 8 100
1 44 54
1 43 23
1 3 15
1 79 60
1 34 75
2
1 90 40
2
1 60 26
2
1 50 99
