1000
504 890 760 564 456 670 427 497 450 561 541 662 818 755 625 512 975 514 547 819 714 849 667 694 904 635 651 567 669 895 683 630 600 592 789 508 855 776 905 474 768 555 860 606 836 671 579 948 644 460 463 542 931 957 913 563 614 741 786 994 824 718 986 503 613 856 414 775 863 967 493 869 560 416 711 424 568 806 528 475 954 422 465 732 632 874 462 615 766 418 440 544 815 715 550 793 801 753 593 751 620 734 925 877 408 650 906 907 823 821 956 946 696 820 725 688 582 616 689 511 586 859 468 581 428 783 603 742 940 516 432 628 908 810 434 553 817 972 487 864 748 513 575 935 738 421 870 792 812 572 771 927 648 721 612 899 843 829 858 835 679 868 950 761 978 483 637 962 880 828 692 569 626 846 747 853 830 619 660 757 914 735 488 524 656 999 832 784 655 423 598 618 955 494 649 527 558 659 469 438 506 472 881 534 621 554 588 726 491 471 717 433 548 609 992 814 866 640 728 444 973 589 409 480 799 897 887 953 924 909 627 502 996 594 882 633 682 629 769 634 759 871 707 624 960 893 885 949 605 505 680 448 658 947 455 746 977 854 777 758 699 607 808 674 602 827 987 811 991 974 762 638 912 988 703 481 944 847 539 417 936 665 923 939 976 851 485 997 875 705 982 958 943 898 896 647 636 850 968 802 536 796 484 889 687 695 710 928 740 743 998 797 610 574 509 556 892 701 407 492 691 599 700 937 673 639 591 910 531 429 970 590 883 708 510 752 729 573 825 713 980 654 519 452 518 453 608 587 611 685 580 894 934 690 677 764 794 929 886 782 678 876 540 730 419 445 684 411 454 686 744 617 862 834 826 800 879 430 780 426 979 641 709 989 549 420 668 693 720 507 622 697 861 765 435 477 535 532 763 653 466 872 562 522 844 926 661 920 840 597 496 646 566 916 951 852 772 495 500 533 778 884 963 831 749 857 985 425 807 900 805 981 672 901 443 441 785 459 676 520 891 809 813 666 557 498 584 798 479 964 971 803 804 538 933 737 473 413 523 969 551 774 839 788 499 822 919 543 754 773 431 525 501 529 447 724 966 702 722 645 837 601 478 787 833 595 959 756 464 642 984 657 779 537 867 941 781 942 930 767 412 790 932 739 643 945 446 712 791 577 552 576 770 838 865 664 457 993 704 526 918 521 842 437 530 719 571 902 449 733 451 750 515 604 841 681 706 736 546 915 565 470 489 439 652 436 570 731 559 663 476 990 461 961 482 745 727 442 911 698 486 675 873 410 596 583 723 716 623 848 467 922 490 631 458 845 995 795 965 545 578 917 983 415 903 952 585 938 517 888 921 816 878 0 1 2 3 4 5 6 7 8 9 10 11 12 13 14 15 16 17 18 19 20 21 22 23 24 25 26 27 28 29 30 31 32 33 34 35 36 37 38 39 40 41 42 43 44 45 46 47 48 49 50 51 52 53 54 55 56 57 58 59 60 61 62 63 64 65 66 67 68 69 70 71 72 73 74 75 76 77 78 79 80 81 82 83 84 85 86 87 88 89 90 91 92 93 94 95 96 97 98 99 100 101 102 103 104 105 106 107 108 109 110 111 112 113 114 115 116 117 118 119 120 121 122 123 124 125 126 127 128 129 130 131 132 133 134 135 136 137 138 139 140 141 142 143 144 145 146 147 148 149 150 151 152 153 154 155 156 157 158 159 160 161 162 163 164 165 166 167 168 169 170 171 172 173 174 175 176 177 178 179 180 181 182 183 184 185 186 187 188 189 190 191 192 193 194 195 196 197 198 199 200 201 202 203 204 205 206 207 208 209 210 211 212 213 214 215 216 217 218 219 220 221 222 223 224 225 226 227 228 229 230 231 232 233 234 235 236 237 238 239 240 241 242 243 244 245 246 247 248 249 250 251 252 253 254 255 256 257 258 259 260 261 262 263 264 265 266 267 268 269 270 271 272 273 274 275 276 277 278 279 280 281 282 283 284 285 286 287 288 289 290 291 292 293 294 295 296 297 298 299 300 301 302 303 304 305 306 307 308 309 310 311 312 313 314 315 316 317 318 319 320 321 322 323 324 325 326 327 328 329 330 331 332 333 334 335 336 337 338 339 340 341 342 343 344 345 346 347 348 349 350 351 352 353 354 355 356 357 358 359 360 361 362 363 364 365 366 367 368 369 370 371 372 373 374 375 376 377 378 379 380 381 382 383 384 385 386 387 388 389 390 391 392 393 394 395 396 397 398 399 400 401 402 403 404 405 406
1 2
1 3
3 4
4 5
3 6
2 7
1 8
4 9
8 10
10 11
7 12
9 13
1 14
4 15
9 16
1 17
17 18
3 19
2 20
11 21
8 22
5 23
22 24
17 25
15 26
4 27
23 28
7 29
26 30
7 31
26 32
7 33
1 34
15 35
27 36
29 37
25 38
38 39
13 40
20 41
13 42
39 43
10 44
9 45
5 46
46 47
24 48
31 49
43 50
6 51
4 52
3 53
22 54
42 55
5 56
14 57
37 58
19 59
8 60
14 61
19 62
38 63
39 64
2 65
54 66
11 67
29 68
32 69
50 70
15 71
53 72
19 73
28 74
69 75
16 76
55 77
23 78
46 79
9 80
48 81
36 82
45 83
40 84
4 85
46 86
64 87
1 88
11 89
26 90
12 91
42 92
83 93
49 94
63 95
92 96
76 97
58 98
41 99
84 100
44 101
89 102
70 103
47 104
88 105
66 106
94 107
17 108
49 109
22 110
90 111
52 112
52 113
74 114
109 115
67 116
23 117
62 118
20 119
41 120
37 121
10 122
118 123
31 124
81 125
35 126
20 127
101 128
120 129
5 130
21 131
114 132
115 133
103 134
3 135
47 136
39 137
96 138
116 139
3 140
35 141
138 142
38 143
89 144
92 145
99 146
48 147
72 148
97 149
22 150
96 151
88 152
56 153
64 154
102 155
28 156
106 157
5 158
87 159
135 160
7 161
82 162
61 163
125 164
3 165
128 166
154 167
25 168
65 169
143 170
6 171
46 172
136 173
146 174
126 175
132 176
72 177
17 178
88 179
61 180
95 181
164 182
93 183
97 184
129 185
51 186
88 187
182 188
140 189
60 190
68 191
169 192
21 193
47 194
16 195
188 196
147 197
49 198
61 199
15 200
101 201
108 202
48 203
15 204
165 205
128 206
121 207
50 208
81 209
77 210
168 211
73 212
52 213
179 214
204 215
42 216
107 217
100 218
101 219
6 220
183 221
5 222
150 223
123 224
214 225
222 226
11 227
37 228
25 229
192 230
193 231
61 232
118 233
72 234
126 235
57 236
222 237
24 238
70 239
5 240
170 241
230 242
180 243
126 244
113 245
98 246
151 247
64 248
8 249
171 250
192 251
194 252
19 253
162 254
39 255
124 256
6 257
248 258
66 259
166 260
213 261
23 262
216 263
142 264
174 265
163 266
167 267
15 268
164 269
166 270
96 271
181 272
246 273
89 274
78 275
169 276
238 277
15 278
99 279
41 280
252 281
44 282
209 283
146 284
171 285
59 286
186 287
261 288
285 289
177 290
260 291
23 292
258 293
126 294
44 295
195 296
4 297
245 298
22 299
61 300
104 301
264 302
2 303
78 304
216 305
189 306
159 307
81 308
151 309
36 310
298 311
197 312
25 313
144 314
184 315
69 316
243 317
183 318
210 319
126 320
69 321
158 322
117 323
232 324
254 325
314 326
211 327
272 328
304 329
104 330
46 331
113 332
212 333
103 334
40 335
199 336
335 337
27 338
178 339
257 340
284 341
53 342
279 343
131 344
236 345
72 346
266 347
147 348
26 349
239 350
287 351
7 352
278 353
149 354
352 355
257 356
63 357
78 358
300 359
30 360
230 361
311 362
333 363
321 364
289 365
223 366
328 367
109 368
225 369
275 370
214 371
360 372
11 373
332 374
104 375
184 376
156 377
298 378
332 379
35 380
316 381
22 382
135 383
363 384
344 385
141 386
306 387
47 388
150 389
47 390
120 391
61 392
381 393
246 394
250 395
13 396
171 397
315 398
278 399
362 400
37 401
248 402
172 403
322 404
285 405
327 406
368 407
386 408
198 409
150 410
296 411
344 412
284 413
238 414
172 415
14 416
46 417
297 418
308 419
336 420
336 421
148 422
407 423
207 424
274 425
319 426
277 427
7 428
370 429
174 430
338 431
351 432
71 433
124 434
118 435
113 436
100 437
364 438
5 439
382 440
23 441
313 442
362 443
170 444
160 445
143 446
404 447
20 448
284 449
5 450
45 451
20 452
86 453
229 454
42 455
303 456
15 457
359 458
59 459
414 460
308 461
131 462
388 463
271 464
351 465
268 466
96 467
198 468
272 469
122 470
195 471
288 472
6 473
20 474
59 475
378 476
75 477
77 478
419 479
229 480
281 481
272 482
437 483
219 484
286 485
217 486
150 487
324 488
152 489
158 490
229 491
354 492
242 493
136 494
482 495
5 496
29 497
377 498
326 499
122 500
365 501
82 502
98 503
398 504
284 505
24 506
101 507
466 508
350 509
18 510
16 511
62 512
270 513
455 514
277 515
292 516
192 517
282 518
290 519
411 520
340 521
396 522
481 523
94 524
520 525
176 526
416 527
463 528
290 529
280 530
10 531
32 532
266 533
407 534
33 535
358 536
12 537
344 538
41 539
5 540
54 541
54 542
386 543
53 544
325 545
236 546
426 547
414 548
238 549
49 550
406 551
333 552
96 553
411 554
539 555
194 556
361 557
355 558
465 559
2 560
161 561
327 562
161 563
417 564
514 565
553 566
177 567
469 568
27 569
546 570
534 571
146 572
246 573
367 574
256 575
377 576
507 577
526 578
134 579
69 580
288 581
415 582
550 583
420 584
201 585
193 586
94 587
36 588
7 589
71 590
363 591
270 592
405 593
594 593
595 594
596 595
597 596
598 597
599 598
600 599
601 600
602 601
603 602
604 603
605 604
606 605
607 606
608 607
609 608
610 609
611 610
612 611
613 612
614 613
615 614
616 615
617 616
618 617
619 618
620 619
621 620
622 621
623 622
624 623
625 624
626 625
627 626
628 627
629 628
630 629
631 630
632 631
633 632
634 633
635 634
636 635
637 636
638 637
639 638
640 639
641 640
642 641
643 642
644 643
645 644
646 645
647 646
648 647
649 648
650 649
651 650
652 651
653 652
654 653
655 654
656 655
657 656
658 657
659 658
660 659
661 660
662 661
663 662
664 663
665 664
666 665
667 666
668 667
669 668
670 669
671 670
672 671
673 672
674 673
675 674
676 675
677 676
678 677
679 678
680 679
681 680
682 681
683 682
684 683
685 684
686 685
687 686
688 687
689 688
690 689
691 690
692 691
693 692
694 693
695 694
696 695
697 696
698 697
699 698
700 699
701 700
702 701
703 702
704 703
705 704
706 705
707 706
708 707
709 708
710 709
711 710
712 711
713 712
714 713
715 714
716 715
717 716
718 717
719 718
720 719
721 720
722 721
723 722
724 723
725 724
726 725
727 726
728 727
729 728
730 729
731 730
732 731
733 732
734 733
735 734
736 735
737 736
738 737
739 738
740 739
741 740
742 741
743 742
744 743
745 744
746 745
747 746
748 747
749 748
750 749
751 750
752 751
753 752
754 753
755 754
756 755
757 756
758 757
759 758
760 759
761 760
762 761
763 762
764 763
765 764
766 765
767 766
768 767
769 768
770 769
771 770
772 771
773 772
774 773
775 774
776 775
777 776
778 777
779 778
780 779
781 780
782 781
783 782
784 783
785 784
786 785
787 786
788 787
789 788
790 789
791 790
792 791
793 792
794 793
795 794
796 795
797 796
798 797
799 798
800 799
801 800
802 801
803 802
804 803
805 804
806 805
807 806
808 807
809 808
810 809
811 810
812 811
813 812
814 813
815 814
816 815
817 816
818 817
819 818
820 819
821 820
822 821
823 822
824 823
825 824
826 825
827 826
828 827
829 828
830 829
831 830
832 831
833 832
834 833
835 834
836 835
837 836
838 837
839 838
840 839
841 840
842 841
843 842
844 843
845 844
846 845
847 846
848 847
849 848
850 849
851 850
852 851
853 852
854 853
855 854
856 855
857 856
858 857
859 858
860 859
861 860
862 861
863 862
864 863
865 864
866 865
867 866
868 867
869 868
870 869
871 870
872 871
873 872
874 873
875 874
876 875
877 876
878 877
879 878
880 879
881 880
882 881
883 882
884 883
885 884
886 885
887 886
888 887
889 888
890 889
891 890
892 891
893 892
894 893
895 894
896 895
897 896
898 897
899 898
900 899
901 900
902 901
903 902
904 903
905 904
906 905
907 906
908 907
909 908
910 909
911 910
912 911
913 912
914 913
915 914
916 915
917 916
918 917
919 918
920 919
921 920
922 921
923 922
924 923
925 924
926 925
927 926
928 927
929 928
930 929
931 930
932 931
933 932
934 933
935 934
936 935
937 936
938 937
939 938
940 939
941 940
942 941
943 942
944 943
945 944
946 945
947 946
948 947
949 948
950 949
951 950
952 951
953 952
954 953
955 954
956 955
957 956
958 957
959 958
960 959
961 960
962 961
963 962
964 963
965 964
966 965
967 966
968 967
969 968
970 969
971 970
972 971
973 972
974 973
975 974
976 975
977 976
978 977
979 978
980 979
981 980
982 981
983 982
984 983
985 984
986 985
987 986
988 987
989 988
990 989
991 990
992 991
993 992
994 993
995 994
996 995
997 996
998 997
999 998
1000 999
500
2
1 339 478
2
1 151 846
2
1 26 460
2
1 741 196
2
1 617 529
1 609 67
2
1 387 390
2
1 219 326
2
1 601 48
2
1 572 446
1 383 963
2
1 944 996
1 370 834
1 83 451
1 443 411
1 182 152
1 859 256
2
1 30 309
1 167 730
1 539 301
1 639 35
2
1 728 583
1 903 304
1 144 739
2
1 228 85
1 835 497
2
1 881 352
1 610 470
2
1 917 262
1 555 297
1 489 679
2
1 971 793
1 467 531
1 551 63
2
1 402 399
2
1 933 105
2
1 467 895
1 735 156
1 641 804
2
1 982 130
1 304 274
2
1 978 122
1 544 673
1 297 423
1 754 4
2
1 225 679
1 732 989
1 888 560
1 721 472
2
1 390 800
2
1 582 545
2
1 15 254
1 663 29
1 416 32
1 95 475
1 435 736
2
1 86 994
1 159 817
2
1 224 310
1 769 452
2
1 621 883
1 649 694
2
1 662 32
1 108 506
2
1 460 542
2
1 40 897
1 874 407
2
1 110 450
1 124 570
2
1 673 96
2
1 752 271
2
1 984 545
1 576 158
2
1 820 898
2
1 624 523
2
1 612 692
1 533 211
2
1 583 984
2
1 945 678
1 229 157
1 620 140
2
1 605 904
2
1 254 822
2
1 499 417
1 158 380
1 645 913
1 227 248
2
1 23 256
2
1 495 251
1 131 222
2
1 583 88
1 837 261
2
1 351 605
1 509 336
2
1 52 505
1 130 83
2
1 646 153
1 140 755
2
1 919 622
1 853 709
2
1 209 689
2
1 624 560
2
1 228 272
1 427 676
1 58 805
2
1 796 703
1 448 842
1 718 463
2
1 257 571
1 466 259
2
1 196 377
1 820 148
2
1 890 495
1 947 299
1 1 608
1 194 671
2
1 139 8
1 709 531
1 967 375
2
1 763 222
1 910 753
2
1 455 684
2
1 403 106
2
1 614 403
2
1 500 34
2
1 134 461
1 860 30
2
1 772 806
2
1 89 877
1 772 92
1 587 548
2
1 235 579
1 969 544
2
1 549 468
2
1 684 34
1 234 893
1 6 698
1 882 997
1 325 256
1 872 321
1 821 844
1 524 78
2
1 807 470
1 259 370
1 295 404
2
1 236 528
1 491 885
1 835 118
2
1 973 654
2
1 837 816
1 360 894
1 181 644
1 551 509
2
1 983 306
1 862 305
2
1 242 747
2
1 699 428
1 672 81
1 839 491
2
1 574 84
2
1 232 755
1 920 657
2
1 461 902
1 563 764
1 156 862
1 583 77
2
1 740 15
1 578 505
1 662 388
2
1 5 388
1 13 975
2
1 947 326
1 710 944
1 571 563
1 999 932
1 789 648
2
1 255 604
2
1 330 995
2
1 240 717
2
1 354 252
2
1 750 300
2
1 435 395
2
1 633 718
1 421 366
1 376 104
1 656 772
1 891 101
1 130 170
1 733 565
2
1 834 310
1 194 182
1 828 968
1 461 686
2
1 238 233
1 877 609
1 511 616
1 680 506
2
1 815 509
1 45 44
2
1 563 24
2
1 250 882
2
1 875 62
2
1 179 464
2
1 870 808
1 728 889
2
1 390 714
1 433 785
2
1 374 661
1 123 83
2
1 880 793
1 200 19
1 730 482
1 537 822
1 778 23
2
1 364 269
2
1 725 149
1 385 666
1 820 97
1 856 409
2
1 935 305
1 417 49
2
1 810 590
2
1 915 587
2
1 807 279
1 883 779
1 620 444
2
1 772 791
1 688 646
1 623 302
2
1 403 39
1 212 980
1 150 591
2
1 613 356
1 391 136
2
1 118 186
2
1 962 908
1 650 905
2
1 501 272
1 904 662
2
1 722 467
2
1 392 56
1 8 668
2
1 297 506
2
1 23 487
1 751 449
1 769 450
2
1 954 270
1 960 173
1 34 991
1 89 607
1 109 931
2
1 268 166
1 242 113
1 475 135
1 964 885
2
1 197 658
2
1 799 282
2
1 660 789
2
1 126 101
1 888 209
1 155 726
2
1 331 396
2
1 209 6
2
1 842 214
2
1 961 157
1 671 432
2
1 822 393
2
1 399 499
2
1 911 477
2
1 405 306
1 410 527
2
1 60 540
2
1 61 900
2
1 201 492
2
1 432 594
2
1 876 282
1 704 550
1 17 624
1 7 28
1 853 437
2
1 633 264
2
1 77 693
1 277 537
1 222 471
1 37 947
2
1 276 608
2
1 246 899
1 252 926
1 456 715
1 719 43
1 882 941
1 581 369
1 890 645
1 983 219
2
1 832 710
1 709 985
1 306 884
1 557 161
2
1 100 12
2
1 209 57
2
1 895 577
1 137 574
2
1 261 119
1 445 180
2
1 264 505
1 793 810
1 919 718
2
1 407 370
1 968 426
2
1 371 896
2
1 33 507
1 646 626
2
1 675 90
2
1 720 291
2
1 472 632
1 552 770
2
1 501 713
2
1 743 984
1 563 62
1 879 94
2
1 848 943
1 520 618
2
1 527 592
1 998 223
2
1 122 549
2
1 718 622
1 460 605
2
1 75 374
2
1 202 765
2
1 164 381
1 423 506
2
1 649 116
1 344 515
1 566 636
2
1 345 283
2
1 582 353
1 692 427
