1000
820195082 322982887 5
315668533 700497000 6
236198284 398349298 6
171405148 956428642 7
44006452 70210124 3
305244642 361283979 9
471747171 938914108 3
127896150 579527771 3
8911562 506824788 1
938751913 8046830 6
157640988 670387994 5
132606810 96550384 5
558129227 557688053 3
770411057 9085114 10
359951434 141996063 10
614616493 228817204 5
369606734 983370517 5
35939877 59381337 10
312020319 817937148 8
982543336 374418555 9
829357287 380481673 2
91804375 108104315 3
732318503 606793891 2
438785221 315670036 6
433291906 170815279 10
432323074 697777184 5
458208653 888049888 4
530926206 521714472 5
945941657 822078137 7
235715871 151260957 8
999961965 308863506 10
166565137 46920933 3
160286606 462340802 10
73442735 784368631 1
296186577 57450246 4
90498881 315222635 1
232924004 539187038 1
178956575 254652189 6
269851065 363035360 4
316687179 737895942 6
787076999 46910884 10
280614282 502892011 5
340759484 905922765 7
467149613 510966229 4
414355171 663587080 4
874846892 109145415 4
776792380 842779862 1
475710277 822633405 7
436507643 21016770 6
618337082 824034734 6
665257583 25776127 8
436317583 916514598 10
822142324 314020036 5
242380437 429914745 9
688261502 982058324 2
100239412 372221622 9
841070745 395219792 9
878422629 270934323 7
656461732 109818311 8
577045651 714220405 10
224561732 692507114 6
417090485 186886035 10
243208752 871137457 8
304787185 840916999 1
129839767 366883286 3
430916927 618030380 3
678951035 363757166 1
423171391 2170584 4
507587553 751346962 7
290587396 462688299 1
649420723 872146021 2
402335440 272341040 6
782088294 352892055 10
314285892 986741979 1
207295330 323433425 8
441630145 26710656 4
210709519 208545414 5
153832069 636142275 9
234581011 834256357 8
869858990 248690659 7
171127753 433610932 6
762599526 216382400 8
327708970 575581807 3
937319025 467927101 3
156388785 712244626 3
802369487 688623253 4
308536725 133380891 2
83800815 178232938 9
930798791 273258036 7
163898153 243866539 3
918906370 402597825 5
798301009 210206696 5
103035062 312477316 4
148940688 855280248 9
230084228 644839078 3
441095463 408938379 8
75038025 718130247 4
764498978 675859101 4
214170850 342603074 1
312430521 772465408 7
367717968 233563010 6
382058446 592492476 4
587445815 361841466 1
983303203 794169357 9
831365316 646986880 2
116838155 510265771 6
346501957 916769287 2
191541437 236471050 2
182975417 907074618 5
390386308 895999638 7
478741884 595478221 4
324449169 228109548 4
556530233 156800020 2
226874004 482879814 10
960891017 127365474 3
681227470 484829506 5
390045900 460846605 2
346047891 430611893 7
891413218 151094504 10
396231835 520694681 8
621251669 703209474 6
617295661 33215000 8
458381790 423581585 4
741358423 823247686 2
699850921 58862843 4
965054316 737363007 2
551420968 428278473 4
704779637 766852817 5
759268902 49552923 7
871694395 764199627 3
422393543 967388558 9
430704995 601020887 7
925439099 177876217 4
425670015 649635195 5
182112722 52959074 2
509357506 35999684 7
187632621 147760730 10
973600669 932709431 6
651047383 437580325 1
304195787 632774247 3
444395483 46297835 4
191079091 647561317 10
324447981 436286005 8
339989656 612174553 4
22200155 670074570 9
636979161 249132741 10
899717380 922300010 10
64062972 220507572 10
712470429 322305418 6
762458256 565557130 1
658303155 115546585 2
865477605 32247005 10
482253325 863548933 10
138713757 227153976 9
903495691 222637263 10
868497630 784176374 10
27356387 594861946 9
748446531 179029643 8
217090588 893551098 10
413154126 917738265 6
546716905 621443924 2
323819433 865893600 9
721906460 140640606 3
158439212 38231587 8
692850307 530850392 4
155040051 338211728 2
293501663 703984416 2
824457942 862203725 6
309202817 728987610 4
100112939 216178367 6
714718191 884985845 10
219461539 465516130 8
96560459 556861607 3
951426834 258933239 1
142746472 605677527 4
895474934 253633912 10
711221507 986331200 1
122330208 218273467 2
255582739 774778375 5
630947509 879482604 4
375488964 206128517 9
618346436 987381753 9
962524584 480302142 7
47734610 839718633 4
761532100 171431338 7
186646285 378433152 2
300609443 220706771 9
177582800 285620452 9
955685128 23604923 6
919525597 913561994 5
469639041 493234340 2
418551022 621312634 5
234598232 91628098 8
829547607 898658468 8
972681767 212239904 6
797078064 919756756 9
211203168 116542183 7
430781628 31721117 5
968129305 658952242 3
381094679 183851935 8
115593172 597586005 9
552993167 399617407 3
662937322 615466967 8
707437431 205316433 5
624596492 561893622 3
181389845 95654965 4
83148093 454691874 2
297680649 921518183 9
630371702 103918796 9
212364100 586122059 2
528693731 338488664 2
99454353 442409889 1
46206439 529844079 3
807900067 681302548 6
752146976 810528411 9
770238799 762838635 4
840552237 916772681 8
972777421 526571392 7
227182452 433953273 4
111801807 881584363 3
650971126 24487279 8
143641961 782235950 10
544695368 520654365 1
338222734 598040554 6
847574387 3760545 5
379213614 948106634 2
537515592 498985581 7
25288465 196044527 2
57411132 47712727 6
221577666 464916223 7
227430627 985078960 2
398076114 117746564 10
693169029 414957335 10
961476671 248960048 2
175671535 879534082 7
314400276 249809560 3
617934842 897875641 10
7970672 473908967 6
8605302 854936227 5
620114866 45834415 3
901143381 254937504 2
309234177 433396659 2
144201029 694724688 1
806613599 636997074 1
479305392 10564502 5
287322389 274775598 2
766029639 436953347 4
147656694 548031284 1
31828657 215919297 3
480781928 389655637 5
878952305 972592621 2
281038671 921289740 10
694414843 575482089 6
580934737 290335146 6
956039117 906703696 1
652825978 311612441 10
59337798 410004496 8
487618143 45571234 9
277382161 45770804 1
124087684 720211828 6
843372188 588976154 1
183534879 584317251 8
235468025 454315328 8
150390139 485851856 2
805844866 828142336 8
746843070 388140305 2
259539619 904932971 8
200667684 597884701 10
278950472 750843301 7
277624321 667196832 1
499819297 855723536 1
976404611 604006995 1
984503696 469899391 4
536145599 996755080 3
660834762 836707025 3
610718354 532846269 5
26816633 276024098 6
825496644 285945544 1
828210210 938741387 2
715788639 629823465 10
792193444 587227047 6
87743259 286382536 9
47853587 701736050 1
13398060 630879600 10
384377522 116381188 9
983430612 88905957 9
610834119 967562474 7
471098459 150397900 7
830640436 425658190 3
954920816 630659855 9
199958235 773831712 8
792938468 103575968 4
344607895 431327533 10
451493266 748775902 1
60630543 257989013 1
280683098 894065085 6
183055191 213022635 5
858521346 59591952 10
846516132 532046911 7
299019539 786369105 8
86180984 188790085 1
121777161 960573751 7
204180603 151188504 3
745754517 514208286 10
954620386 303533482 2
163576726 636475195 6
81414839 659875724 7
424168998 544411968 10
268509462 558433099 3
376101932 210827848 8
110972691 190145336 8
619353807 515525950 7
643441979 36044006 10
76264300 715598553 3
852409666 923635986 3
240421916 614292010 10
927121615 587956124 4
720176738 176661791 9
770160148 246414472 5
142577078 447265581 1
60986516 173768231 5
679091751 807246920 3
897166514 65379966 8
907123525 999820246 3
342244086 796143656 1
680791890 963720156 6
327583663 788780823 8
264290279 158178762 3
918266924 940714684 3
637074131 606066291 4
762502940 52807579 9
431689250 708213558 2
172766958 80093176 2
244663809 508873710 9
567261310 400348123 2
584297495 580622870 3
964788134 757452587 10
66518753 894940733 4
197924111 335634915 2
130638540 837581928 1
648108592 633785153 3
757854803 809979329 1
856918379 383058462 7
706303169 653375735 4
108101387 296667094 3
214645193 595276983 3
341200740 253311784 9
822628155 435688437 7
584865525 242487717 3
848973054 107797536 9
20168827 893439674 7
272542793 62843663 10
989869704 359596469 1
350037226 350268009 10
284545013 916334117 7
801124867 453469982 10
410086562 114662084 8
884008653 607155868 9
196353504 690795969 8
660159514 892918257 8
592178525 164436911 1
541200440 226848436 6
616200871 71996624 10
805160881 855278888 4
807905832 19898922 1
444037143 401863798 4
106480582 851305884 1
618530861 713544886 2
996790396 672564581 5
710915213 554270171 6
571339195 484848826 2
773497307 155968038 8
980418588 402095937 8
740858013 449043801 7
829351248 904658427 1
941768313 442090315 1
185188577 953982345 10
765499065 135301089 8
813396616 844779068 3
322971753 894153031 5
345175390 463492516 6
561114470 239303332 7
800212663 785385818 5
921071222 98310589 5
17898413 27973373 5
718317205 346167441 6
24980014 972021666 3
161095335 503260936 2
440185992 172920973 5
851727972 728427697 3
944578121 536836598 2
728800673 667368199 8
923950359 626321670 8
760344443 918835085 5
502383497 235005337 7
973678251 15030479 4
585004921 162907602 5
381573470 932339459 4
310589230 8560612 2
38700725 104361569 10
540205450 194376143 6
45796285 57851300 10
396596101 755129896 2
456660435 437431771 5
102043190 581554083 1
614689449 242712629 2
394098600 670985530 3
685181304 408785123 1
926890211 215480230 4
240696157 434434741 1
383737984 137396303 10
421997989 425581154 2
442521643 501216040 2
293777715 856228891 2
780057319 263481307 3
787139498 238812080 6
452600039 792635119 1
13339646 4898803 1
910556491 328562960 6
144749702 426978955 10
366022338 344558435 8
939220870 981535646 4
914883907 547276704 8
438475622 395728608 7
351627654 573037087 7
26776395 108573820 3
456203391 233271934 1
861035134 163482501 10
808092572 260875947 1
821461093 171063245 10
600669078 982247872 9
541816496 722562737 4
23713851 49774522 4
613288634 939995841 4
68456588 334068890 3
806230709 345628452 1
887561246 84597184 4
642043710 751878735 10
669315033 3931993 10
150842776 711660885 8
59335899 73580073 6
268105046 400889203 10
443352851 196915915 9
358423468 517605353 8
75942594 294053529 4
14481522 958339437 7
227361946 240092907 5
418489863 843967319 8
72228312 57443259 4
758002021 472002710 9
767589866 589984642 4
462812801 598635203 3
181490610 226155413 2
583940610 829029782 10
914330210 64031646 8
363291304 175993576 1
540404053 292850933 8
929460467 459985578 1
866665774 792393376 10
116978881 845050596 7
798893230 980626878 3
527556868 975610216 8
467936628 955480526 3
305326093 514212374 6
274611922 729338016 5
492829218 515166978 1
34339382 973112778 3
595531110 732135074 1
942702402 182052913 3
754715101 238756771 1
120418825 133089651 1
980355310 887345177 3
763964110 157258530 8
102563780 628413467 5
959555361 115793482 4
980804209 528760903 3
561868714 963949945 6
505049824 410394423 2
5579838 54732055 10
725221112 901349930 9
435514185 639421113 5
935671206 999623090 9
558151499 372044397 1
816324865 444964140 6
79124000 614407479 7
187929742 455222376 7
831878102 186931918 8
261583411 971607325 9
226915034 9841391 2
286476022 485996433 4
926377019 896102412 2
806535120 556734882 5
921767082 632250489 8
208963862 125647651 9
940138609 57843706 8
760501011 590038236 3
18233502 681286476 1
498188370 416534379 7
886927454 560108289 6
802387391 360442758 8
646135318 794315354 6
497161126 173202092 9
245129507 136212310 7
939899471 635445839 3
125676260 54912665 3
592769478 311636039 9
25932676 306549173 2
970755139 545300930 1
136034564 577100140 7
583486176 421019476 4
359951978 287681573 10
601555876 351719922 9
471140235 18584717 4
740349755 447066836 1
790599969 200702219 9
965531966 444625043 5
298405366 444970846 1
634551665 506537979 5
177465552 307222730 8
172536592 397965234 1
810796833 367982591 9
920055311 498528962 1
279676901 996811816 4
879049566 677596698 2
376276285 724946858 7
800114410 335884957 8
324603664 362029793 5
925408181 733848095 3
483745306 77884324 8
24145616 246111085 3
587099542 487737404 9
939336746 546465023 6
632242325 199858140 8
136398575 329006280 2
708311923 485301999 8
908748505 13755788 9
352570099 65412231 3
768574888 46026459 4
620757852 861818798 8
763507927 595107758 1
216682921 560141793 9
848770091 883387358 4
734622508 491522710 7
334837085 863732680 8
512127252 965736761 9
643661200 627740553 8
613260542 341177025 4
284713065 340273696 3
597962018 885392539 2
653417303 134693700 6
119993671 653464549 9
392289040 302616351 2
31580067 709596517 3
379054304 728942212 7
810994043 26177628 9
654244864 759481091 8
904245839 411735444 9
684671658 746916494 10
973870520 455561687 3
833617463 727836396 10
430436248 443751865 1
493807658 544980615 7
120804912 889611908 5
458120036 119844764 4
911137236 745142684 6
613144235 437513599 4
811697611 915305640 4
135330439 24488910 1
175736329 475019466 10
73771154 758327304 2
566400780 272395172 7
565971630 713891326 10
793006961 14794387 6
136598189 655054089 6
140326319 730859910 3
286235921 394850787 2
99117467 188686855 4
859928033 370496776 2
916684244 889432229 1
485709107 745763473 9
14336726 387992935 4
866680827 728159333 8
518846482 713645711 7
734331749 636444471 5
662531637 121102589 6
103583421 902544225 4
808453083 958006041 8
53662298 482709352 4
805721125 910276282 9
698197840 840313656 5
604458019 712857509 4
309426699 579942896 5
630949050 598393468 10
184280781 933476408 4
750973315 695111439 8
212122866 556872030 7
510204121 206884340 9
837585606 588606788 6
856107653 196827444 9
149993834 903827512 8
381920187 140520980 7
753788463 107940927 2
422293696 481216610 4
906196165 23962224 7
218440348 178747604 2
410542173 941581480 8
419292760 796046925 9
536616921 287127145 7
655244014 748553228 6
388382887 50730855 7
164192210 833984898 5
649982090 950090934 8
575503123 2114102 4
864560280 145213986 8
995383691 89554182 3
131721896 998917947 5
618803201 593729410 10
509199977 670001465 9
784761370 48686765 3
974535611 946415587 4
590906058 277683393 7
871572125 541382374 4
623392396 564815268 10
558318781 454962662 7
871466068 498106672 3
491378962 791976016 10
700714222 839167140 5
502303221 167437777 6
265981047 298268399 7
142020347 882298553 1
482010906 443222962 7
78525909 265306885 10
122625174 166162241 1
535885119 475908618 1
169849531 302370073 9
1817798 569290497 2
725689788 428891552 1
133627061 188180174 4
632072044 191516829 5
848893920 884630789 2
928721784 573047242 8
108480496 942009971 2
389566177 188465116 8
297733345 740261678 5
192396958 704743179 4
872636377 775438265 10
937219270 109154882 3
763526918 92546909 8
873395705 864278805 7
513235915 932780095 3
395085687 56676207 1
107911759 983987719 1
151622058 86318144 9
305511737 382950375 7
317717842 894423361 5
537353991 892976004 5
549114167 150242544 10
874825399 782854953 9
275250375 807794877 4
613979641 863232470 6
788850887 917504016 2
202548415 901997277 8
706770178 933415056 6
115300489 506596427 1
247573123 674895830 6
771873952 953000334 2
232752219 273329441 1
207204292 646344700 8
295613241 954721618 5
909336762 93567506 2
421929288 914140322 1
884439367 413958574 7
509060735 486543669 4
138037723 597623488 9
192594320 988278465 1
200832138 729376817 9
14711647 519819745 8
244261564 211054844 3
423646786 402703048 5
109213033 768189275 5
951688608 890400852 7
79173302 122126564 2
947908951 351423774 4
100495131 243514427 7
735483200 123053571 1
462456977 16125949 10
821714180 458469926 5
656040478 42779172 6
702328834 478162899 6
739508472 675399403 8
752333965 718219320 9
409107867 621812685 5
526271939 759421572 7
190155856 729896592 6
130533828 953248669 9
820310740 324702574 6
700356666 10266042 1
725617072 113530354 4
430223186 499765802 2
235681097 155025035 10
315578299 774607166 4
292193123 525547259 3
348671071 24562011 8
691706352 613867625 3
775394105 868793373 2
920131500 278033070 4
34567440 380433086 1
729166246 504590163 4
63347691 375149544 3
394933982 519336633 1
899679405 242222190 5
511364626 328543327 7
852127009 705882744 3
224406575 498818180 10
494118642 733178446 3
834501185 910290683 4
989640155 752954292 4
671111597 876488345 6
240466422 904568820 5
779369404 903025584 3
788408772 793706421 3
978152438 818359646 7
132332730 229674221 1
692991866 138890171 2
166435757 192568800 2
468804105 921641863 10
826182910 604482813 4
711341887 848520876 4
4121961 827097893 3
284125243 504559133 4
272132232 180856231 3
821115159 701877036 5
8213296 607464699 1
805138411 934195942 5
588361982 655840010 5
879334561 298418636 5
545531575 803004755 4
899005520 752645271 7
920593432 868701746 9
765853057 627246624 8
97778233 150086596 10
264999443 159205882 6
832599128 969790910 6
719940514 749057097 8
439827274 789440871 6
865223997 833517477 3
466667755 655717020 5
339161219 769502070 6
824691374 167226529 5
38760012 301143319 9
380978835 981138551 6
727962893 399413514 6
207181611 927216374 9
711607985 893185252 5
213383237 198994913 3
658263699 393663127 1
211727307 773402315 9
232311016 613565484 1
916435820 275268634 6
163682591 963002365 7
483586168 765562232 5
470583318 314846171 3
920394017 346274957 4
857647981 937908843 9
393865125 311651270 2
146347985 297883862 8
838766478 531117749 10
844201573 62589866 1
475775678 756759491 8
26017231 633332945 2
65487367 187167409 6
981755375 971161155 9
987867257 624416355 9
670864209 973826154 5
889062285 122119556 4
744320851 876800843 8
267355464 847248540 10
286772794 518186869 10
811415820 957768237 2
52701576 317835340 10
187954662 25191712 6
633454530 970498738 1
789961374 545504441 6
48380515 289346378 1
648750792 28357810 1
354763074 468192912 7
979728965 673492438 5
79331098 22400294 2
209079397 725459035 5
310773688 481540927 7
741520527 126458893 4
528667455 517644155 9
405665751 705905200 4
545105901 209818224 9
568872046 703950472 2
444906109 127021730 5
108199546 573863493 4
764898659 313992991 8
238601088 67002015 6
442120390 977473082 2
367692572 626032086 9
111067323 845476874 8
989762426 137292549 6
348920410 746566102 10
221583613 251776840 10
389385269 554614012 3
876635088 565497610 7
488790784 339514683 7
301384369 118383041 10
317238163 603039870 7
119223151 968292307 9
306582988 975376843 4
482555732 234967494 10
34608442 950175470 1
532630991 508582213 4
379731470 293140250 6
601218244 758480130 8
201325176 617879306 8
838549777 468794505 5
471500254 67648088 2
288136806 970386481 5
735184242 623653414 8
281496362 642207939 8
355382167 542896391 10
182033228 16560348 5
282514394 820318215 4
392592132 784101569 9
657471990 277707918 8
578298447 228198390 2
698909645 371076568 2
614023589 516297529 10
172209684 433334954 1
515876807 382630226 8
483602935 919852794 6
763868535 687549915 5
903546980 753642942 8
586829139 259565490 4
518645966 283495999 1
902652792 668606998 4
507686745 156781224 4
500734281 885493742 7
111926661 703282665 9
798522620 31768751 10
905038281 875800671 5
416637172 350106810 10
617401541 3198865 7
60589796 70985816 1
895286448 348285532 8
214787035 383772376 5
884490416 402792475 4
163123445 784567199 4
945603981 592856056 9
859267435 956248149 8
821665257 503504589 10
344429091 711103547 9
709608016 449591720 1
250941792 981603133 7
112929678 817083214 5
142500613 670951899 2
50439627 283191048 2
42889644 790494923 1
518000105 694501055 5
993293525 467441351 1
834490406 792867642 9
769871653 415846720 1
268407951 788350413 7
878010812 85111336 5
857057568 859879894 7
606093032 446019146 8
279334698 992476760 2
715527923 869255478 7
120275707 864885189 6
755400516 707975765 7
344353970 289579631 4
418585915 774219754 10
101365658 175044772 6
569353337 311528003 7
55500674 488656036 6
240821071 494007033 3
843609650 940429060 10
566371750 546563173 7
942465603 122595398 10
86394021 962703533 9
848791198 242836658 2
265505886 187601368 6
672335235 792742110 5
532073221 435661019 6
596421476 629047258 6
391287340 934199759 4
286398025 44842409 9
965348293 319730537 9
812804722 794717393 8
186746019 784836290 6
370691949 478255453 9
402821181 108202777 9
214320575 555963019 6
822019762 351514537 7
715180483 885299142 1
845150755 45735803 7
53679230 621724856 7
386968812 806005163 6
700128370 962414684 7
865421818 975659801 6
397695727 422890919 2
694706518 287203642 5
413518418 219641744 1
219991842 338338616 5
571282671 105667294 9
889874022 893243984 3
838677049 284509246 6
650434344 185402324 10
889052703 365982311 10
693652899 395304250 2
45613136 745091660 7
408014523 664907329 6
319648092 20224055 3
935556116 344669179 9
807662581 529481393 6
650415359 820928977 6
675693228 490590971 7
680855531 51038522 2
958930377 949757211 5
891866243 940328022 8
617237040 154713685 2
805453662 649894899 3
31535420 617558477 8
247144267 57171973 10
361999777 9195243 2
565958854 115073492 7
294400421 142302279 1
381567839 576109599 3
115687127 540482200 8
644124830 111636434 8
73868294 153917470 1
131109108 628318251 6
337738427 345178039 10
723907525 258951056 8
978332238 984943470 10
483058916 465211218 10
778243006 316988590 1
49282492 594418812 10
523539128 510389996 10
482893717 453211575 3
958854494 10597864 2
778341850 549215579 6
959584686 16311075 7
914189085 445019715 9
10110149 514147667 2
905127488 31295285 9
821883304 455241535 9
914154423 739266351 8
418362649 236098655 9
266044289 630924222 10
38808602 343779401 9
357286398 73223920 5
252185794 90999023 7
710461045 262620296 1
644633448 599843414 7
376752551 244437375 5
481191256 568806677 10
398133165 779640477 9
546186949 461926408 7
499205501 462754910 3
459105782 356935269 9
61306149 564972200 7
255384470 18152862 6
394863349 435442540 10
52051066 431091796 4
154796190 724253134 9
668936530 673531785 8
221121447 55111287 8
363573056 865229543 9
286974837 225059088 7
26454274 352880611 9
295856715 16824549 2
919512489 396114924 6
106501899 783903067 4
880479733 950624507 9
345727893 735472816 3
177478048 628807900 1
50580546 473986534 5
609367588 540856432 5
5910159 320268986 3
447912999 183582608 1
635548129 870333912 7
168475574 257156697 7
305154555 404647537 7
671066586 174122213 9
308018165 676469651 6
299043463 908605124 10
510731533 248567284 5
490505360 508192447 2
546801409 53906952 10
69795777 747823461 5
238564732 78495592 2
507932051 264817781 3
422891692 141099904 9
646684293 825254463 4
307104014 678273722 9
793424783 345623621 2
789536502 30428705 7
840230674 607240853 8
730788046 15337823 5
9876272 760052501 10
48360071 756696887 10
898271895 462483547 1
115984155 737687215 4
592529264 365954281 6
718386240 926440340 3
453657104 530440018 10
485926333 444046264 9
69270671 205223230 1
13342350 492400029 10
607773126 911731472 1
410411574 475261587 9
841368651 13153031 2
581340277 119695939 3
910125951 170669193 3
713184147 700252638 4
615188468 768951167 9
845177963 567272630 2
434679426 106576780 6
905615061 187609037 5
969536442 956660829 4
961229926 179391578 3
763518268 792801004 2
45803362 972040104 3
489039054 134682606 6
329400709 904518769 7
529745803 132773698 8
853301029 455493003 2
473034550 136927864 8
492077520 854544698 8
6737338 873068559 10
680129955 697913881 3
49117099 635818870 3
610335840 552291250 6
307010156 399185116 6
419603823 187154898 1
817693047 723256465 8
410830260 646222280 3
459391699 9363655 3
229949148 947037383 6
943815275 179500881 4
980905986 758529955 10
146542954 291026225 5
876535116 921582025 4
170238586 809371950 10
988592146 980645381 6
224311620 368437843 6
918074999 550402199 3
321891500 14914508 8
483941885 504973437 10
779430210 977681824 7
520854162 227683337 4
597049349 180635210 8
600175595 4879223 10
890012006 633230615 5
151587254 712666914 3
384716811 653410731 5
48736102 404540389 3
504538430 2191954 10
87178752 396623411 4
783223793 744469359 6
142346180 335566053 4
764519636 299760651 1
615362688 453710514 4
823203821 573444894 1
730226293 102791945 10
458471643 775391357 7
925288152 329840700 8
612389232 686302344 7
272580418 936478161 9
696205693 525684338 2
540692022 968594842 8
264779379 928783577 2
717986759 298391768 9
624555799 628487525 6
695269338 366977968 9
852536566 57230901 8
119934564 306296907 5
148758945 836939246 8
101031602 917583606 4
972783540 708994414 5
208676518 562293849 2
164992880 979614580 6
471347732 507621471 7
275661366 791622370 3
896078630 837528377 3
72153194 561951085 1
533252085 315934157 7
746967557 854732483 5
85895551 549417903 8
462539056 162146821 7
751923062 72117546 5
997817819 858774809 3
972819267 590973959 10
371632105 794274133 5
881197128 52725683 2
676914777 65099290 2
899049635 808260570 10
994200317 482255341 2
2089494 866990829 7
402844015 804284890 8
81555882 170178557 8
907164808 479757069 3
325623050 27824398 7
36244695 499752649 10
564783890 205694400 6
691388264 498024938 4
27124435 337270636 2
560881979 958049512 9
19754359 603063547 8
997785418 474636270 3
109350962 584709814 5
333491263 110053396 9
455578448 4506293 1
530434676 605623672 5
4791618 54700156 6
300773426 582327121 5
180212458 143629199 7
632796102 285490762 3
165094589 464201016 9
683535335 328678728 6
267665177 342434209 3
506832003 283418163 5
683578562 206633658 4
314929937 803195906 9
647207646 743673984 4
380120873 332536643 1
887004755 498243967 5
348537282 56072192 4
438354859 938115787 7
878056844 301576574 8
243198740 967015269 7
997773491 981206803 7
423332749 948847316 1
595203474 198867350 7
257792485 521176667 4
244815254 828922570 6
872128790 792912217 4
535932145 78782677 1
4331245 691807676 8
97156302 394843400 5
244739486 512081298 3
707075616 656669299 3
876567318 950144104 4
21245575 899894114 10
586622857 38487702 7
880735361 991194842 7
367073133 907665946 1
209886644 998464320 7
199670856 274513972 8
105837851 964646277 1
390346175 349353182 10
380123835 40837097 7
408200643 53956029 3
378078423 278735044 9
639822478 591125353 4
480122824 154236265 2
223343510 164693221 7
326223158 750140336 1
746540784 775115705 6
67832170 535428635 8
477871370 556179349 1
914398512 969598632 9
780640871 344284323 2
478177548 629930219 6
559757930 955663941 1
792927850 513280330 8
843749302 95150128 1
780774746 311847 4
586986151 249421634 10
855001917 615286289 1
343319661 117917384 9
291491596 668368064 5
898122172 44113752 5
881925726 300658778 5
179481600 327836697 2
976812946 22400650 4
570874876 507809169 10
630072344 144781098 10
846754534 875331369 1
37690912 392707232 5
627580007 107922898 9
726050729 904246266 9
349973238 19357703 6
57653804 730761867 4
960398294 207847224 1
240624759 746387051 9
121800342 731743528 3
222509110 245175058 6
546287221 974596062 10
558662489 70734249 1
700780716 851918333 3
513540163 485791110 4
746027324 805885872 8
992767272 263863208 5
918343062 407164549 8
623925343 757593214 8
449799110 671137701 2
828293291 84954527 7
315389228 808621752 4
301956204 512866791 9
395401461 547767506 1
722207927 972359011 9
397533617 32604503 2
293524035 972379150 10
751570911 40785095 9
614809294 79250863 7
961628899 417119210 1
491061782 799084301 4
683493369 980784498 7
557665866 383212200 6
86738857 541008711 1
87995992 525582763 4
769700249 676414275 5
535124482 883031430 4
164311961 977825233 10
943241699 86432044 10
985704678 56184646 7
926229541 465079825 5
691551068 442324007 8
202049731 74451261 4
361121201 865805939 7
417201693 950356359 5
320259635 424382563 10
703907721 57039747 3
146073745 106894971 7
287404577 38229708 2
570887998 528533510 8
659705732 482788158 6
191205503 322660778 1
898600269 51438445 8
624716292 617958110 2
39462240 862248041 8
637039281 918733794 10
164780685 685654515 9
492238251 376344324 8
185820656 516015750 5
804870605 894488245 3
688810747 74834645 3
695946472 452496241 1
782385915 177716071 6
190190956 343050513 8
980850491 684296472 3
829895717 286512958 7
642363494 742622825 9
117904728 17753816 3
278761722 337093007 7
894241175 348735823 8
89199510 328615799 3
338282160 460353341 2
659248135 736748535 9
792121961 753735504 2
265211090 184096484 8
36618884 990711306 1
942969578 531635305 9
378962604 285462082 1
211668934 525589794 4
558017818 620647153 7
431805726 136804756 4
478473231 848802054 3
956039147 323855294 6
53562234 632738988 5
606553262 328812208 7
183633877 490174386 6
12032273 787544405 3
614577392 966405417 8
220200677 17367623 6
666062804 196743261 7
425973151 300793703 3
689248525 350698901 7
370758894 385248166 10
841930162 918024744 1
834704341 162437099 6
37031694 541958169 6
658523614 981994195 4
857144326 795654843 10
21507493 836789366 9
916670767 348110054 2
758570340 286066912 1
581814209 352295969 10
681588126 511332066 5
557689503 771356383 4
162932526 833751416 3
972274611 61103276 10
626828568 956233842 8
491930824 699085415 3
520305830 406681637 8
756965158 277418069 9
783959636 186080561 2
905544508 281403984 2
200197664 718263354 9
192845994 18772139 4
34731902 841416889 8
639970604 169177686 10
932108562 64123332 8
247973921 559720607 3
800378708 121115988 3
123043861 303910425 1
653930178 536356722 9
824639708 900823644 4
23780292 812272890 6
926759887 806195688 8
607351954 12152962 9
985485407 6830115 9
497723863 543494574 6
502790490 152840680 9
586347657 501336630 2
564561712 539295176 8
364962624 510437928 3
6726527 569715664 4
756243939 826086338 3
740315468 421215646 6
991695980 945292602 6
148603806 476353262 3
65934009 921818836 4
830649464 634991439 5
735574840 220389378 5
280733997 838593899 2
398985327 845268112 5
773163552 497096432 5
309932082 738550812 2
598839390 767266541 5
89415217 401147372 10
516131278 669285694 10
107173719 412289570 4
159155577 915061709 7
211847867 844717860 5
453599641 939249484 1
686492781 773575310 5
723861571 66846152 2
738317229 892002842 6
758075038 232355251 7
297666090 944957557 10
153075704 229885532 7
478882834 171197946 2
430784376 613267802 10
180805451 202526338 2
706918452 944330404 8
264071486 342628644 6
670741844 279093262 5
536893589 304154003 5
1602384 845958432 8
500504858 785694259 5
911838531 238294979 8
469743435 120106837 2
529023306 147749653 3
574261187 509701402 1
397946912 159516326 10
166228512 989860257 4
163478725 926060379 5
901084649 916712537 7
499947896 395701087 5
413158835 119316703 3
213273041 821349016 1
624047492 195837433 5
96607644 585786000 4
683097219 424005913 4
541836559 90716234 5
649507677 934779300 10
985478394 568507056 1
858321768 408110545 8
383555844 80449693 7
371301359 892569799 5
851901742 778817477 4
124217786 315748641 9
668490592 271344922 5
359202899 733520376 7
452605206 385585098 3
742403193 372420709 9
14978452 469567267 2
84770983 394325470 1
13191719 119034331 8
440268388 823948552 2
181351274 18641722 9
733306305 253559057 8
219394752 411205093 5
823373167 253123848 9
911063850 776604486 8
333367540 175456837 4
91278221 694649391 8
545739166 92763099 8
145568109 644651245 5
902951367 933171960 1
169142959 960696210 8
738676175 184431941 10
624454832 12634895 3
274097369 545948995 2
567640727 993977714 5
604831552 949739638 1
565248385 775468505 3
351250614 553855779 3
19084642 855471411 2
447401520 846295522 2
666090166 536441647 3
739961392 302754574 5
381759531 589492722 7
223448560 93551207 7
634864906 49871991 5
841045241 239325542 5
216113141 153839827 5
340737536 416306285 2
379015453 429509467 4
813685818 32867850 4
802360318 722068593 4
637227605 367593097 9
644989279 550000617 1
470626872 413974845 1
124767694 43089557 10
213305462 541818824 10
859493188 369269641 4
749822716 740445069 4
869600278 125419962 8
646628856 585305809 2
400512266 365572859 8
412247783 272897427 9
679051164 38829195 5
304122473 734029098 3
573823579 106360673 9
902658050 851197425 7
567811554 666461238 4
443144982 999926331 6
356469439 178459140 10
657842603 391933794 7
209321866 919509782 8
393462549 21605669 8
910090945 620687298 7
800568590 73007160 4
654746802 91048571 10
361076199 952966971 2
394089510 249826674 5
611134805 397391644 5
551796553 393161197 1
820469639 356738280 9
215319734 716936948 9
388562626 870610013 1
539971410 964060209 9
462631250 713696003 9
3307296 372638429 9
915346774 241383395 2
487047041 177121934 4
314916511 192587059 1
331028321 690852898 10
564805001 27608428 3
905403163 523664195 1
23911536 918015428 10
821621889 696555575 7
915209997 91801714 2
468784470 474640488 2
239119944 633532044 3
550405112 60204885 10
490114137 152717868 2
395468360 15913327 7
516683685 927005772 6
458264447 744934333 7
966589198 855125593 9
428242378 565631514 5
296169993 140908845 3
822388356 198050932 4
150416073 999239640 1
761942294 211071621 4
214699316 467677406 5
660111550 199031536 5
76399663 597089757 1
368493695 334036417 5
271125216 628954982 5
305809408 113874800 1
902791389 834560717 10
527422576 716142297 10
570277828 353637695 10
175830618 760194497 1
677411519 48844191 1
822322215 537904058 1
827878843 570948262 2
113022310 404293941 2
662454133 834847439 4
478978004 598767880 7
714207319 491342605 6
893436159 97602209 10
165227663 529481327 5
287101092 308159640 3
472276372 215431942 1
488030543 856399928 10
419297142 960002158 2
789967191 237169432 2
358115459 83393380 1
318518337 334449978 7
375141382 916437984 9
562096836 555925249 6
944611682 651334541 1
449747765 61936010 1
346364569 382097776 5
311951614 688720769 3
654312167 550307649 6
257643524 770597966 1
960652756 686156148 1
479829775 750899677 4
625635111 138837945 8
18665567 869377845 6
971187266 928013735 8
178754782 381233450 2
609385784 966570970 10
775653627 57296628 9
647723721 928239840 2
167288164 530028940 2
932422723 525456428 10
719124954 368333826 7
754431135 292411032 5
938715850 961362227 5
333880354 82676199 1
337551727 142344309 8
589220454 647454015 7
190060693 732455737 4
836903993 364797944 4
192773694 461772564 2
337084820 689062696 8
215097687 781264189 8
312085473 640823009 5
473669108 256272639 2
505458763 607133159 4
567221685 893684120 2
451767230 552672302 4
521327664 57813440 2
833910002 398316612 5
49556446 96637458 1
974780218 809671695 1
453435364 104909128 9
275800529 254707761 5
786257736 726021072 10
248783593 76312236 9
765285106 314341725 2
712858020 509984539 9
660862150 712284002 3
92271522 575762370 3
847368340 513342629 10
295025324 920583436 6
758000243 766412414 7
701489800 884006634 6
612888782 871346476 5
322428784 248263145 2
465389613 654620479 10
955097638 955363668 5
619735122 273925777 8
549508380 592323865 10
754704183 54846574 1
615921594 325734800 9
887557944 568993159 8
464353162 738369768 2
973293500 303092328 9
342752673 376151837 2
517537702 535905132 6
965007284 190647178 3
343825957 375721710 6
237496953 323457634 3
119599696 488485041 7
126260366 387705518 3
849703465 631574997 5
662578750 566794377 2
125921766 226684562 1
961767441 98777396 2
513752915 516411841 3
286470452 674663572 6
411562109 143144526 5
234989092 992344717 1
500541990 202129155 8
384910354 661969858 1
765809316 358467330 7
184522730 472103113 3
236175471 209855204 9
543731372 305784157 6
14310498 210016284 8
480670780 160134261 3
811670453 722161561 7
457421082 939205707 4
705430390 499698027 4
82285312 929068322 2
761433123 478878610 2
224111743 258813135 8
169052556 13148016 4
304737980 229063754 6
356389803 791309587 5
193455921 817585320 1
238822263 250373966 9
224839902 601142031 10
111299604 567019932 8
534608412 495081367 4
551146414 256170631 9
820571017 410261554 1
580976695 447394325 3
551911749 436194069 4
806946143 746105569 8
176494099 243533858 3
404128000 229717674 1
483766063 557953831 4
804730121 934096084 2
48504612 221236562 9
925610963 604361038 9
559508252 452151308 5
910406761 247903799 5
208822530 840624130 10
860649196 253603364 1
701507226 131641034 7
52725087 265332870 9
991023167 962857133 4
613499724 999705458 8
652417318 296595837 1
600360060 371629141 3
927173819 432080303 2
369876067 469099449 2
877622711 93934974 4
37548264 97280260 4
849383354 361055269 9
276835946 719923262 8
257249546 620534760 9
544209894 670544238 8
112999480 283703523 7
195628174 153599106 4
379783950 822379356 6
914268163 480338059 3
130314131 772725656 9
559044125 675058362 3
192965006 137787160 10
446986811 236902846 5
743875895 686979979 6
465103015 754149385 4
399474933 882672823 3
703766504 240413156 7
601109578 291045883 7
628646029 658387688 7
34436318 386499999 7
602596883 964509919 10
273883492 268371168 4
76938289 796793310 10
546127945 894951156 6
375560752 753645230 3
673328047 761084786 6
36979104 867834493 3
459383344 618065921 1
908677863 77994292 10
141650105 950821412 9
674685585 892129623 8
167707368 56926231 6
150367220 471233483 6
129654564 654117018 9
868379163 13883058 10
964777310 760185919 6
685015397 990931777 4
863642976 878945888 10
696775149 154265276 10
535712112 169187810 3
689497150 721207984 4
50881285 144789559 9
749592180 196776380 3
381824622 972018411 3
444558436 383492362 6
996949327 43026782 7
480195377 427373531 6
14627948 359567943 6
779432255 200276209 1
84760930 751666315 5
663825056 851057703 7
187857527 320079074 7
652653540 936624168 1
981971544 993048108 10
152836903 97126176 6
901312556 340348544 6
587269487 339254014 3
303880775 703263708 6
303532600 74084905 7
188183047 767949411 4
536612070 823930744 2
658073386 69198934 10
202409793 219367640 5
111947948 270506488 8
451827902 777837554 9
270808803 207022348 3
745551499 845482883 8
900544745 572854815 4
633227025 570406774 10
997744457 565924117 8
82046725 657439759 1
699219063 352179198 4
463734970 11339016 8
836166237 259853146 3
533520363 615773169 6
106594805 335459450 6
437035362 674421586 3
700527308 571155981 8
897613750 988962392 6
646156294 291044185 10
207057786 34370437 8
902320320 388158433 4
541896793 200346830 2
399134666 854672620 1
981343591 833749783 5
95638284 294816566 3
455515879 629852128 5
169290886 238104871 9
573955533 265045393 5
967931987 677684097 8
456742820 544159525 8
666727922 788081032 1
123280297 856132819 5
600459685 807312467 3
284936855 925851524 9
314102621 222311936 3
848052394 274683623 6
831038327 605391362 7
485973646 847909347 6
303728193 93613583 9
740703885 77905753 10
153538918 138804171 1
468650706 181966873 10
589602608 973130504 9
703571635 648282871 5
179416731 410614165 4
218771811 320578202 3
700810383 965669356 10
232446461 556784670 5
508530913 683098823 2
415365121 69702048 5
693414110 104533958 3
127834394 426523603 5
726698596 889648276 1
380710396 34867200 10
806261012 858114477 10
717582243 801250398 1
432509249 196067556 9
593932118 500246146 5
841005577 747604088 6
659874578 242059049 4
248080588 996822890 2
879785019 601176420 6
644529270 188610858 8
190418753 32776965 5
592761624 154606181 2
718529229 548661011 2
823215442 362747462 9
583865527 535512756 4
936081270 718116780 5
389432644 107905766 7
362440449 41314641 3
62001182 510456235 3
397438754 742133405 9
551283004 578668744 5
746020286 500118143 2
127655139 586017791 7
99463679 48534288 7
717131345 514247896 7
532543039 527051562 4
337044044 334526036 1
284388824 287813725 2
603389726 508029347 1
940178085 656166539 9
660686950 655995114 1
979912278 223387720 7
815468201 250420233 3
82431253 8316756 3
773902554 931780030 5
194642299 491785524 4
803067036 666623882 5
625555274 306363189 4
514873031 307904079 1
610203594 797788910 7
639724185 938826056 4
976432625 400952926 7
621903592 788440164 9
691265003 291083064 6
920393045 313128360 4
342519908 7897549 10
31245943 887928914 4
57965029 185442151 2
135900928 792211746 9
245891646 605773162 7
819558452 55261457 2
754755551 810688590 1
313601129 315046448 2
161571354 118218715 9
251059595 883424348 1
327161582 894527541 9
263457926 827968535 7
102045766 604406255 2
522441613 896712599 3
933086567 677288359 5
295343153 919488649 6
971833868 968563880 9
548547663 618128307 4
86796393 29234695 4
864857807 638738815 9
456264809 168886089 9
345403287 679194509 1
918671880 824440647 5
581211941 453329867 8
143633069 507729096 10
486505494 931805543 5
276324035 927924427 9
924079611 999790169 7
631987412 761914223 1
900002233 666893072 6
741323883 403240356 10
855362874 44119423 9
205115873 234477063 10
743678206 10945760 3
337096462 495333249 6
230118240 948176201 9
992229378 180747442 9
461699116 356716374 5
554519889 572047003 1
36456890 618493043 8
312143507 722139880 1
157752707 311511228 2
762812242 37019116 2
184015804 461902050 6
539894252 451816079 5
518859328 826475811 6
810698019 60852506 1
520050751 4105596 2
522474157 8227245 10
161703566 702652626 3
509268903 13089071 8
228421098 16693267 8
818719006 815876620 7
231407722 575835326 10
299126100 488295165 8
751175579 166561697 3
32785698 395234973 3
537745179 914157762 2
458471140 511925375 7
638615138 123666076 4
578394843 138358884 1
764084944 382252141 9
189050437 358167850 3
418846178 389312473 2
228436321 249617951 2
848256896 775469090 5
106144283 658073458 4
99998808 906674813 7
746041372 666959183 3
695794418 416690631 1
965570636 427638757 7
332407773 950701899 8
562902571 512309047 9
659874006 775072844 4
568880851 226818515 9
99257087 338959453 8
256099096 380058938 3
620271366 76741208 2
525794779 41003480 6
117799009 887901090 2
5016179 14720180 4
607162543 268788864 5
343800210 78707517 5
583167949 525054277 4
748198556 519550657 2
192431182 647926930 7
313597492 390294779 5
167398189 370995065 3
935530313 531635936 6
809018353 40224597 9
936644195 510606317 5
416034864 484883506 4
204260865 636449411 8
174028465 880313428 7
557754551 900166270 6
909009712 959158634 10
530855677 266000749 5
666087940 48091297 4
225436310 525737634 8
134599363 364228787 6
674346045 194199522 10
801014643 98229758 3
451562023 861875092 7
824703054 469960113 2
965125872 370602942 5
720822798 381653258 5
550409132 457616038 6
738272175 915860330 8
468047242 865553616 2
414295014 195730236 6
50002327 948437402 8
925476860 944450717 6
184469208 607851746 9
477430415 846728113 6
328227266 599408334 6
298753218 866070853 8
636179963 138862830 7
931325108 122498894 8
825830275 338661049 3
268924565 236700555 8
957400657 971848371 1
277453547 475462141 1
109726624 479186038 1
713699693 343030922 9
536400249 721420062 8
811978433 658942042 4
920275086 916698833 4
633107958 996091313 10
36165605 325642561 1
289326428 497152250 7
111517640 326455612 2
379745256 774484556 9
901094012 660089857 5
441729545 52467596 5
299953700 38989601 8
189100124 248155414 9
559088005 882954738 3
272942286 160866498 5
995944226 450111101 10
272909180 499554873 3
252720797 832600616 6
31033487 901123594 4
859217207 678409721 4
629785688 643660894 6
256476909 279153255 5
213564489 674878391 8
198498482 465660950 9
710184338 230084477 7
937113034 697999638 10
284322291 397015670 4
374233647 423357571 3
264404337 126220317 2
316035420 746089015 8
627249168 509600574 8
268258025 499733050 2
716798922 84485115 4
27791179 524859706 8
360359307 640006187 7
488214109 600271161 4
843417058 618294976 1
133946417 146291153 8
425417332 155785329 4
532518615 792948026 4
143481464 255970608 5
965550843 41609640 5
552363526 113818659 2
83414408 92980172 3
521708672 753516319 3
425502786 394748190 9
11450395 239097304 3
806563621 56670262 1
140078865 655867612 2
294976374 149720627 2
249878052 762173533 2
46571907 141815674 7
354729330 481140977 3
869165949 674588920 1
249159216 623909351 1
573530485 780801504 10
680031569 607924635 8
894388103 138548244 4
254430617 962454025 8
445384027 763978501 4
156575684 340898776 10
819504712 228358419 5
371384219 468984680 9
869778184 27354958 10
229447592 143545651 2
377099578 167105538 6
519567510 903479706 1
994669331 94458120 9
563309138 65900772 6
469757843 598842666 8
904197526 926430473 1
470949796 406464643 6
439224854 707314636 4
924448374 714421841 10
934305262 429176842 8
506062960 661329506 9
243736640 657415928 4
113621088 236035930 5
324357365 942620379 7
280622967 315425640 7
66318109 943298447 3
643628331 111026745 6
740554703 263985566 2
558354065 301997435 2
549243636 173354438 4
709502851 874722369 5
944584403 535586555 2
932246027 143352034 6
849619589 817302594 9
526022430 129557400 8
683873541 351337375 5
239533206 199838617 8
353980944 164856111 5
99127789 700456946 1
724277233 723608104 1
711097122 34711326 10
810474224 899534636 5
780323401 115366958 3
493082504 593412660 1
925611351 247178619 1
581899712 200477525 8
477857318 230728505 10
784777806 736889727 9
174404383 130445713 7
282135893 241960987 10
19550503 25625641 9