1000
907716489 523071347 2
350898647 313012287 8
271686971 80149079 9
561423324 53214475 2
486397583 196097726 7
214824108 577431128 7
881004494 999443755 2
657978015 392583936 9
210951656 743832672 9
815209940 492713205 7
94879609 666737817 1
439564625 243216786 8
844251694 830268230 5
811556140 943321393 2
837169471 605065507 7
969974419 271806893 9
800413999 418250558 9
405308424 363275550 8
711887763 375045461 8
731149918 98047266 7
223332538 799106556 2
562921366 684145110 5
287105637 457346953 7
945394169 364264447 5
821783613 71236319 3
677635539 235894126 9
785843523 299803712 1
235560951 538686537 1
584885980 217823385 4
666924340 257124549 9
498368860 21471086 1
21594742 446845578 3
788187413 41466074 2
424190037 461506593 4
461641663 47475723 3
725102821 21759674 9
104436289 375939252 9
373706765 101293752 4
888084054 147573998 2
590609470 529670701 3
284715512 414664664 3
246626985 986694937 3
997763831 241783668 2
254493789 475912146 1
107304708 386748513 5
991320711 446139857 7
254727317 376135210 5
4866360 866040966 4
234817570 579694930 4
638850622 709546599 2
675403212 880197348 2
981502354 829627803 6
333783221 265276995 3
451318893 966211671 10
797386677 330907530 10
233963999 255659174 10
193319542 927694808 4
817372474 893777582 10
868949755 472762139 6
113560797 288175498 6
86822828 370762445 8
833899964 12399114 10
158859989 355094080 2
910630952 795646449 10
874157086 129055871 2
679117826 904267094 1
71802848 721322141 7
470815957 961725486 6
847866162 825694167 9
312690950 17506480 8
657261241 123889041 3
409933788 672028102 6
681801585 768724206 4
882220980 95660661 3
102646516 789197527 10
548187662 827214514 2
610345399 569425074 1
756122604 852600508 8
769698642 545685623 5
273094991 243854472 4
245807331 561391246 9
49827897 586184137 4
624002080 901934786 1
604304248 996256595 6
220005644 186652179 10
319216137 965531858 6
528464128 437640960 10
181700233 920759120 9
657677632 934873007 8
400489520 607675269 4
717795161 469679404 5
929658016 708849701 6
371447774 448853527 6
227640153 147888822 3
69096961 111405894 5
406517961 728656396 2
182849618 763498747 6
120479743 13666944 6
890864200 354078187 4
457261597 122036696 7
403998023 875081864 7
918164507 413189675 9
696425882 828639864 7
5015999 634790702 6
28147756 376071086 8
393303403 76107708 5
128220610 15325992 9
337491823 856604452 10
366578244 405275903 3
222281304 757920735 8
436123580 580264435 10
645310835 502431303 5
770086329 683458919 3
249384811 255472258 4
678518029 754393068 2
368245756 887103681 2
160677390 669526715 6
209363882 946405021 8
670178854 340412127 4
172773040 56730014 5
652690970 843120434 6
238400501 414390418 3
869039577 154363755 3
122254056 706571100 5
907237491 252819034 10
417810526 629019456 4
504221439 412773062 9
631416133 57059415 9
884901254 119495695 6
571526726 726304489 6
258548063 714594346 5
51040374 274051002 10
406226384 828182488 3
439124932 629791214 7
590410351 298205852 3
750507506 200853890 2
212278143 957074978 1
397497062 199674068 2
302866954 253716177 4
950915350 445163238 10
306784919 551084961 3
255394078 143452326 5
975896228 479694159 8
745658052 15696447 4
379262044 353279262 10
3571962 314891810 9
745885602 152742237 8
988869280 106902467 9
879355819 220673315 9
57582404 290940779 9
873252474 844800285 3
794715041 326200170 3
501759159 532630864 6
45268175 371117906 10
413884981 979847823 6
143217173 364645791 8
263846448 364779536 9
859352382 797466516 10
397486794 832531227 8
203491617 907478325 1
331946524 956010081 9
846233040 42778109 1
95831804 972107928 9
410650199 21124303 1
785644135 137604337 6
117416267 809437430 3
402261210 828757119 1
712713860 538144425 2
760990873 198455583 9
376637274 500597019 7
749309931 825110602 3
243860115 851518944 1
151301724 762323461 3
495945034 739109400 7
24996725 941706191 6
414301158 876095788 4
521632671 2697381 9
359820230 661464001 6
280948436 827705710 3
357498615 79707454 5
943009837 485187480 7
212235614 765501993 6
623076011 187506484 2
504581462 851572768 1
278565805 778960096 1
618195116 509363723 1
715612100 727759571 7
351187419 87449453 2
346568121 166516793 7
570671116 113322617 8
317245386 761139447 8
8865441 367398144 8
327876549 208690950 5
486001839 545094593 10
918994117 72269645 5
836106557 260972655 5
144610327 667746678 4
692521041 391308916 6
971477584 987292206 10
50365721 845903245 3
891251138 84546190 4
524155044 294811691 2
268824241 873468190 8
395123548 673284048 3
866975171 527558492 7
470586545 959914573 6
376351626 554371047 1
391557254 831377870 4
845843024 289251642 2
872423189 658113099 9
880025396 981417304 8
467543849 806202563 1
991228987 43456428 6
775652998 388976483 10
195965165 403976046 9
167925992 904751558 7
247153455 194900116 6
141543594 168904822 5
631525345 815045059 6
490117805 914558054 2
861337510 182154809 7
319782285 901776561 5
571074204 50350969 2
166991085 851510058 3
456405776 287241416 6
429466500 314706092 4
185526113 211397076 3
760535914 331121379 6
916307947 499223245 7
551946963 827311949 10
586421469 765099297 6
886763057 13595989 9
349447730 627057116 5
825583251 290198253 6
555684129 668768317 2
133006356 988373445 10
617396234 36312348 2
509624190 859400673 9
260483309 889398865 10
825971373 228593687 2
754462918 296862236 1
441421204 405478810 10
685059108 983147884 7
968923781 11948576 3
699093247 86703815 2
625045667 411027401 1
158964850 559462904 6
109875516 89261328 7
66442031 55062265 2
675561691 783557031 6
265663644 317541984 7
779511178 682433132 8
684181952 867298929 4
831016452 544221712 10
820729719 449781151 5
691113901 348134801 1
16271070 360956680 4
463721847 352173284 7
327989655 334460309 3
958297253 348291933 2
270261730 579931851 7
641334122 118128366 6
630514854 304140837 1
902136473 893209168 6
537756393 896840174 4
640449459 191106552 10
422603246 788278073 6
994273623 106423599 10
284784255 39068164 4
644967701 47375986 1
52726098 341920043 3
475733668 964508482 3
902513794 378880617 1
852740654 329972884 5
702042588 736712591 5
739151111 172020492 5
942646155 796386147 9
72687309 297822687 5
558630296 534984211 6
589998447 179928750 2
620340735 690316094 5
698927974 892955956 4
123408432 375838450 8
109447193 93667067 2
834270724 884301460 10
382129591 118338598 2
810585578 339990189 8
973266254 168057193 7
322129167 861049627 9
132082898 821945568 4
232825219 749725062 3
812551857 865247524 1
97942668 42293259 2
571822821 167969911 3
152033445 835879606 5
504938346 594992726 6
511114740 961883774 7
739912053 952682780 3
611192912 560212208 5
741780195 410175711 6
796150312 766774274 8
93942833 185091347 8
399258286 604945341 2
881755091 564916352 9
765079871 648700787 2
337612854 585350415 5
82836668 829437574 1
47574459 598298407 7
176344910 904973626 4
704434777 994025109 9
606693233 533789144 10
909130292 130595681 4
503222562 987522283 5
146777075 499257690 7
683090779 752406394 10
267471307 752340106 2
598617370 213030268 10
263264255 187109538 9
903409092 954736564 3
80213475 861349998 7
143739977 621105486 9
196460926 346831719 6
866774721 522645193 10
539477530 135704116 3
441480609 575837376 9
142133206 495504944 9
748439393 338348311 6
385622068 175432642 3
650622529 756046886 7
294958033 820998872 8
9618664 771594751 6
593855548 843096177 8
418279778 107526180 5
186687591 509171663 4
134259440 849476257 10
826564566 269471975 4
518682048 187519214 2
513496213 890502834 4
513373863 296197579 7
712211853 99358007 4
435226374 161835414 2
535171100 895155600 3
391036927 991157208 9
915122283 368962344 2
321327773 637674283 6
719551021 110842249 5
168110026 757385035 4
566788767 451010917 7
657900223 834161041 7
40497674 635563720 3
73814971 317018869 5
648488421 28848570 5
564095267 710423088 6
637885574 236290184 7
822673698 542572290 6
891307903 90360116 2
408968725 824917655 7
11982696 677913995 3
76901815 767980927 7
14668850 381913180 8
153067331 807637455 2
740640093 128825662 1
675613565 43906936 1
601445 895213353 9
739322331 588256997 7
217738866 68382825 10
512576077 821823838 8
408625455 953662599 7
374554873 859274794 6
915062134 940999184 4
885382489 922104554 1
663281619 536895799 7
284453940 364143640 6
382273132 645654725 1
177258533 71948854 6
658850233 681866601 6
233711459 949208414 4
2063777 222313625 2
816835536 212126251 6
892516575 255133435 4
839297776 808799288 8
310767436 17878798 9
324687926 588196999 8
921473123 968278366 2
58039432 352873315 2
732683809 683266042 7
883830794 852867657 9
720423594 554845529 3
694303320 851592181 8
9939920 260874465 4
235387816 713456560 10
567200934 585021591 8
123527131 371808666 9
814405076 917482385 8
69074108 460490244 7
797982073 498336859 8
659710226 639187113 10
250840050 493137012 6
760357420 313542590 3
557087391 863506413 10
348796895 435229193 2
730719689 639559195 9
409236905 576590223 10
165259204 345238572 6
245049847 548127138 8
188039677 608974079 1
480653335 930955454 3
134084938 108164457 2
453651105 210391012 1
534666188 167814477 8
245046899 839028163 6
969159249 85776283 4
856585117 69757316 2
315331674 486016102 4
614623484 228889079 8
627422188 26925656 3
212148705 390345532 9
521688871 478170102 2
263050655 328813121 6
888612258 770673002 5
583007436 873044117 8
367939866 323305987 3
782233011 581748727 4
278880813 175582979 9
774641357 252406770 9
243538239 710238904 7
380462517 194241449 5
613980367 607344322 5
125654793 749286287 2
343423751 573823380 10
684645183 330773784 9
389616890 590411864 5
631001982 892353041 9
830400636 666583430 9
264572393 548552927 9
537946913 876323880 10
676653176 610798376 3
427485757 1867785 5
587662818 185492741 7
671812522 916509908 10
736908810 302249501 9
569288186 758206389 4
737322883 12855768 5
916108284 3027309 3
488432076 535746039 7
267013194 774768125 1
758361443 899270654 9
679511327 175473513 9
406586910 359245913 4
770544943 388914624 7
798659092 626132826 10
929983727 154142001 5
694833254 42262014 4
391185969 284939941 6
535344498 636654086 7
941155435 530830937 1
303246599 190365770 7
748128167 530791459 2
992082253 615813656 1
534095251 864375591 4
879833399 492507290 2
352281034 740862899 5
715288875 140383859 10
427186177 768223386 4
700035175 469220283 1
451115255 349064835 5
991252153 684294622 4
743436254 64072737 4
817133818 243753888 8
218239211 843609469 10
57185469 910386004 2
333643238 173576203 4
949377473 765433838 7
852985705 661019515 6
323901970 105051149 2
480518499 984717431 10
787273800 13344048 1
165091270 169760437 8
208188095 686809060 1
781227672 631412138 5
144786414 529157082 4
428928343 573776094 7
879855746 686108533 5
802959 660676695 8
816394842 364430940 9
392206861 563350147 10
926624119 296827741 5
616250738 138061678 5
809639598 77309752 2
960900850 559967012 5
264828096 498238278 1
726421347 509992413 3
694084892 776058436 1
987180106 911078722 8
675207260 695920652 6
636725700 177610301 8
605154769 201597255 1
418675616 318884186 7
135906343 767703405 8
825624555 214048016 5
433515600 463786139 8
517319862 980890079 10
700277968 970187253 2
330494884 171499942 5
468900316 696326983 1
30270282 530017719 1
943744934 835252648 4
414539242 185642803 9
828941307 898522184 3
412570331 598504306 10
338355232 92386364 7
717110701 9887913 5
102962723 545185300 10
879716267 764606271 1
158470846 41125826 2
468139227 734388820 8
288401319 627500063 1
966160008 392143664 9
633345136 48796461 9
570429156 883624748 7
990214205 242678014 5
572857460 963478059 3
268917412 747989165 8
460788456 961921209 8
583031239 636087494 6
15886703 812681901 5
16789122 200070438 5
655951566 955791683 5
441225649 323251824 7
535184362 121012812 2
653230784 803788882 1
188187098 731609458 9
19407927 881802062 6
838274885 58407026 10
92929337 892929884 2
434513699 876970304 1
828567294 217157321 4
561043743 962367784 4
975845044 306088721 1
558225422 206525194 10
158932049 77563090 8
764054025 756808468 7
141023324 285224753 7
337644558 993323099 2
9554036 61184288 3
445136903 694595144 1
404149342 645824855 1
200490954 614622657 10
652277017 347367217 1
517418051 669050706 6
904873556 513190493 4
4022589 595083395 5
317511831 86255598 3
601427519 408161320 10
198220445 364766220 1
769331566 642922420 5
14098747 195034291 5
807612234 834050563 4
276790953 587889330 3
76130521 984891037 7
788415264 749492392 8
337387390 284533119 6
251605620 254139808 7
829535963 778307963 9
675533133 234089774 7
571927015 773837635 4
936884341 99799745 5
789618781 247481604 9
989561062 832312644 6
684426416 880498089 1
669599834 173881310 6
694174065 606119057 4
191679406 391169262 7
899950230 559672663 9
714959644 92422044 3
476923504 658801991 8
612565415 883874432 7
803314690 842391345 4
693791301 887661775 6
658606627 985082059 4
155440588 779489926 2
835118294 784245285 2
860634753 455541455 2
653943575 184097999 6
163930700 112250168 2
460579130 497884104 1
692100284 148342783 4
562710011 283916867 3
1903010 149509933 6
841997013 345325288 3
291891618 620466637 10
737607562 995029525 5
938328435 57781199 1
792690996 70050937 8
217225391 942083208 6
179103309 973471997 4
762767915 670699070 9
943488084 958760584 2
187390730 835509475 7
388965094 99249136 2
959443647 231063275 4
57325758 50579060 8
465678045 492466736 2
128836421 352050634 6
883225667 999194868 1
218350349 346401531 9
34072318 956041073 1
668173297 286285527 7
470924633 997176640 5
684953027 886509547 3
179772339 511544132 1
64958929 546616167 6
57908131 638004994 8
270857599 701951471 10
14447576 941907278 10
714754404 309503520 8
527835693 33748621 8
298396265 86782443 1
263245592 42490484 1
425308289 837122433 8
214425694 184620412 7
197157532 100034792 1
427200747 696104835 8
351770884 585137019 6
837120698 473400511 5
162123999 982035062 3
174295904 574004093 4
358748429 188021005 9
480710805 972989094 1
571702800 681528407 6
927402334 934107251 4
988516417 158041873 9
631221286 235261182 5
34365001 427100905 2
804202500 75308856 6
975780487 186398892 9
939065567 202214264 5
108119195 872951563 7
323691214 389542517 10
613505582 47457157 6
949769002 90202808 8
663775396 319349527 4
189605871 2379465 3
68693194 391180645 8
99563844 460340995 2
103606569 63517883 6
279095917 899192789 8
837662540 146117465 2
732707997 55460454 10
239176564 618165065 5
631467617 239183043 9
627970978 966258067 9
187873375 766387518 10
567310702 74144366 4
701700475 987029799 4
216103980 233744650 7
200301414 842095592 3
888705610 658253176 3
476196635 85884574 2
908883918 909104164 1
578118637 91377282 8
745925660 920787536 3
723801687 823279735 10
606948899 632712958 9
158846273 72081319 3
917632947 100039086 8
747846707 333786151 3
730708848 438180593 6
788390233 530321953 7
755248438 164012382 1
38018723 987181454 7
585749175 428689806 7
882250619 843945444 10
122175819 142776526 4
905041725 488051704 4
499279151 681945874 10
317959672 291333744 1
288325585 317544507 6
436527059 708011279 3
711938475 781763817 1
772898797 104870157 1
706501493 854565142 3
801169114 523209365 7
796763435 806492916 10
519075625 424743814 10
544962187 335282918 2
138072727 302041656 9
790259210 312990786 9
704630465 890382198 5
840144856 475821837 7
259582386 58373828 4
517850252 760159814 4
16669510 765920866 1
483639959 713332139 1
104839658 62442009 10
519935190 435304425 7
90325454 207395188 9
618187268 858017767 7
258829701 337626107 4
197607847 893338957 8
22887192 787955555 9
173342638 532651542 2
292129429 587657660 5
760599502 674477216 10
459143003 536226859 10
411457189 837116698 5
313742530 87831949 9
151011238 769333092 7
406502349 763975828 9
619590334 364279545 5
56174521 30541911 9
607215414 690905435 8
384506508 262256542 7
68083327 675117573 7
948627791 911750344 6
280493447 632664785 4
760750691 403192478 3
26353628 90339318 7
54555323 366183736 5
992760406 809773189 9
918874729 637570263 8
114813751 81434179 6
983317664 525786778 8
219964730 95639479 7
621534739 875023898 6
697613514 876603882 4
927186234 577513996 3
347431589 251020902 5
698435188 474702270 8
844941838 64013507 1
643167235 773332148 1
896250810 303849118 10
343341674 78997006 9
713228088 111487525 7
604087595 665057440 6
277353788 622869201 5
285997264 354522567 4
749604533 159891876 6
653836645 576080901 1
332058639 131939510 7
574027835 709624929 4
740148288 365169898 1
52958213 190664001 6
612539455 777026448 1
178271974 225449371 6
21603636 472303475 7
753942536 515782498 2
58882761 556492112 6
385105331 488803953 9
188134322 256505741 6
526315181 768645654 10
264182907 208704398 1
701027525 696994347 6
765013817 449359456 8
519464132 419356227 6
596886276 498434253 5
210698501 363516130 3
617113978 748804943 4
86879374 563676787 6
153962492 852703735 6
740521122 12857210 9
748456560 174412850 5
256965265 295674382 8
758946506 630504886 8
59979844 784445286 9
23035724 348877878 9
695946417 243098119 9
844573767 867418574 9
483227667 973708713 1
254742951 969607275 8
264617275 461777890 3
539788467 691081958 4
652481606 830996964 10
382318907 779607997 10
757571360 563792439 5
214098885 46922540 8
482934761 423495939 6
376993034 507175075 1
9187871 954604075 2
602852430 42531989 9
114059419 189117986 2
309125530 965742722 8
113921531 304041899 10
563176389 22458862 3
780719804 112863579 4
350859784 931112473 3
627304881 367765881 6
742896481 69993937 5
224846777 155074967 9
459831266 624177267 8
899992893 798353520 7
782929544 99750525 4
963878505 918620448 5
671949530 713878336 2
593593777 106789661 4
557759139 755130718 2
378203826 725745087 10
452769405 478576544 7
966227136 273752716 3
954988206 265345223 10
729593468 534633040 10
297617603 81420108 4
236567430 385574189 5
52664961 965984302 10
721569779 112411381 9
127416296 868343074 9
917919529 44299133 5
127844264 804888400 2
369184875 384062847 6
391744533 32411349 8
658300429 432540279 10
561294181 448724259 3
241857374 411736577 5
860786261 435866850 4
14257568 839771694 2
907151075 753398900 8
453377323 316052672 10
579030363 834986811 4
704930863 160228955 4
259047094 475630595 9
402552486 48542728 1
41919132 770110166 6
480171052 307901012 10
926281774 860849906 10
463656355 532306060 8
799543448 229386289 2
168426189 157668878 7
814208391 58179822 6
827584021 216692805 8
832959664 585252989 2
207689499 624234639 2
223038811 681702165 9
377627814 718642717 3
680891859 53263657 3
9806741 66811577 1
507666293 927033066 2
541287466 57880621 4
183618135 536856210 4
445288825 186203667 8
136273473 109432744 5
715130682 353609202 7
395334786 205341175 3
618829664 213851809 4
737945483 563397016 10
182638197 540448760 9
418698380 124771962 7
809702351 849617118 9
170857379 724566426 10
227719661 963227377 2
721518649 416633346 3
887681550 743740744 2
588971634 949832534 4
740507495 298539690 5
611471420 473197166 7
300608010 932863715 10
798537018 591313097 10
657851324 436029123 7
739877218 122817443 5
595999936 494565673 4
450147999 629759305 10
666066869 335889147 7
892624943 479856905 3
295182367 505256564 4
415937902 190442298 4
385488411 520001041 5
917172052 163085930 2
566182815 930231919 5
406099011 404585807 10
780016440 65948795 10
327591397 641087501 10
804528196 352780323 10
439849977 734811400 7
947693863 639741905 9
919546000 541353480 3
372011847 576037318 4
633318325 499128201 9
855115680 466407455 9
547747888 592961226 4
808902743 446721174 5
9805523 243410245 5
436711759 452265656 6
86027209 844912799 8
493868921 145793032 1
561921041 552012708 1
798799572 200438429 7
229847532 280278933 9
438497436 788157019 3
335335847 789445800 5
446609001 666666105 5
407447957 290577213 3
436137511 551470742 2
589841339 532953522 3
516645144 842434002 8
544917360 602314140 6
229512153 535742815 10
521761509 973056227 10
916559753 5580459 8
931201887 711367448 2
609405940 140864841 2
159017012 713221417 10
744865504 957449515 1
157994479 324518811 7
165637385 202961132 10
431388741 396025486 10
192595336 85617591 10
47931632 635099565 9
395894371 504113945 10
473315728 962754794 1
664268546 348992638 5
525564396 228022320 3
753083821 930619102 7
221119777 465209524 3
888318606 457698334 8
54461533 93688925 5
616987350 436522263 6
560432209 538600694 5
87737782 997999737 2
568806491 593743595 9
537728222 34468068 4
119464137 554143444 2
260205686 119316512 8
255625978 289284852 8
783322371 331979217 4
652084469 355428739 7
931998494 123512046 9
471709014 135226209 7
607620347 653282924 4
40233520 496518181 6
271585410 792357405 6
67130009 502112055 8
100874683 809995830 9
775591189 804345682 6
766059327 662969660 5
169809432 910974630 4
655497415 939997734 2
87570173 528292891 5
457247409 32826787 1
45010742 992129064 5
780517416 861486663 10
417270516 211671203 5
142970410 363892292 8
708946856 866752460 9
607007334 126929305 4
538573644 790698026 10
47266476 564652484 7
263380040 887002101 9
714145124 839956901 5
29433800 406658043 4
357708321 204767912 6
448811571 989762681 10
445944740 900245591 5
776512667 597059197 1
851910223 854315077 4
602126609 43772957 8
467141752 418338362 9
28669917 559203539 6
495237139 752138420 3
752108172 31675182 10
687487823 454001048 10
607321977 680388870 7
844428814 414025513 8
701968418 738440010 4
481700169 442635305 5
417684454 897703823 1
604701471 654422758 3
375026120 58688137 10
262654682 924630315 3
229644384 664348028 5
743706624 677391860 6
105500564 21117987 10
390151942 965266643 2
435086587 81530141 10
599158847 102198964 1
303146335 394425750 2
514018260 653357835 9
967603432 588637850 3
622790301 173433435 7
249704499 127712464 6
922859602 302092329 5
382475016 694582974 2
255402567 820253343 8
725815234 803746162 8
829272250 123088469 2
523280220 137069126 4
399719873 191250543 6
680857836 379792826 6
763149287 816157388 9
582351668 40097850 4
414258243 701965918 7
219407802 470989155 1
554789768 664970397 4
277390954 548838123 3
88396616 8481159 4
263362085 91404915 1
363692390 196703908 1
974550584 513603388 5
982573002 708021611 5
778252358 727411114 8
63431298 537133870 6
409137440 712083736 9
819536596 152362615 5
173263470 913094457 4
401358781 281071448 2
131211109 677925161 8
755908109 699202877 6
849730008 167795849 9
684601071 115 10
799528287 129374919 6
553844184 586954016 3
435040112 481814104 5
336094174 433648292 6
295535373 575042288 9
111986282 970085683 4
5669509 951164970 3
35822524 19843246 10
697244361 16655060 6
585033741 983656575 5
31556465 212582215 3
199783587 849029720 10
970341244 41852482 6
96601127 450450078 3
303323644 91767927 7
417329770 875620676 5
709031855 135505324 3
880819544 185376627 1
92576649 382810461 10
88076324 462120354 8
186801790 157593856 3
111928989 409189125 2
923189339 153694545 10
667019005 65356498 5
396713339 859089834 8
703017077 992893811 6
634657968 229121837 7
11046807 532983424 3
472683134 854409594 5
183663158 806626779 5
818633253 209722930 10
10496603 437584060 7
951200710 966556499 6
987550498 962216739 1
582643735 583495260 3
600971059 831026272 10
963249184 158953663 8
181186923 471384864 10
100164070 961714733 8
890780207 896681017 2
51276382 700055548 7
992293481 592083016 8
843601064 609382370 9
251585121 646894743 5
968140054 908040892 5
610678887 102890847 5
984037208 6674731 3
723560253 89249541 1
942091094 731711694 3
653757062 479231062 5
110505661 175817782 1
652644916 35752058 2
944636604 310105525 4
604674356 596941062 5
421018571 792766526 6
590923112 981490275 3
117971098 498421319 9
51494388 534793731 6
393702276 469597498 5
163099960 750885639 3
916658358 828473962 7
327645997 51285616 5
97221574 704421247 2
388474348 292952560 4
559412457 489937585 8
839187314 895501387 6
48990590 294463403 4
72864652 633354869 10
182861845 234678740 6
259230145 196033068 2
539435241 809952793 10
500338615 163371768 1
459222673 53886364 7
318783872 789102523 5
474099405 936050645 7
441344818 237998468 7
308057332 643657182 2
389036692 816546761 5
192331313 109014113 10
60922167 917797383 4
868986531 274186485 1
910441454 112935815 9
86986776 393587764 1
943827185 554890265 3
361978695 575143091 2
717819728 367345905 1
96088014 777196763 3
785404724 707460602 2
681639560 551810961 1
911478469 869592893 6
105805750 647672765 8
196370622 832190901 4
986335602 533674785 10
614205410 475451982 9
997689128 564709929 7
390368644 468094794 2
179166283 637980186 4
660625229 353203157 5
668416914 205492137 2
71686170 121487657 1
28611589 432720085 10
150248274 2479269 5
894285758 469867526 4
81630353 199113251 4
330663906 899147047 1
512171101 5975901 3
608880176 687249464 10
860657544 993171696 6
175747873 376252853 3
4273723 47207247 6
24657510 957661273 3
368288174 893638892 3
207556355 252414254 6
252597779 359836278 10
151200955 306273814 8
941042518 394541427 9
493169465 753214389 5
829319162 9764349 2
852103319 995824687 9
806920417 615846291 3
407864457 863421581 6
250187272 157246570 3
968545285 238966838 6
297868346 80833767 6
632616000 743886884 6
541458801 920637586 3
180569991 601812987 8
768177373 270817261 1
530851613 567096676 3
762440756 829855746 6
337270514 703432535 9
117990500 466479650 4
990563812 450826705 3
700134031 428618696 1
437887762 92558267 1
981518874 306165600 8
357467903 933969704 4
371650206 613837070 7
251108648 529869230 9
911168390 20963096 3
836430417 270411496 6
761791225 124994142 5
505321665 555416318 4
46715073 395231459 1
592704182 194948668 1
821615974 914229583 10
67117289 854193517 5
935015333 834441217 1
700614628 583727690 3
514123484 446119089 8
275990393 804264435 2
149803403 840416562 10
99897667 128279909 2
557773359 798723649 3
819078884 560073721 6
442112573 56961491 8
107291415 249926551 2
364663561 423551365 7
517745996 35961704 6
288681250 284477964 9
632686880 45822414 8
800469274 132629523 6
921774386 394537776 1
18944306 73609648 6
1711812 659223324 5
167436200 455758035 2
857636409 401865632 1
812764055 684403525 6
421295293 584054837 7
359698104 353792033 5
724031252 113529123 1
942662594 681848564 3
101065308 355120174 4
700576954 914321485 4
470759342 511967888 3
73432989 460357876 7
858209917 428127419 6
264000724 707295033 8
738810383 627314284 5
163081131 89651903 2
84868554 589533392 10
816134878 297296075 5
971779627 209664475 3
747088272 607742513 10
585257729 184212652 9
637600467 537973585 2
88181947 65069054 10
542177146 549030259 6
128961625 152668282 1
715852858 324815557 10
933059909 416172778 10
27537408 822254883 8
185742395 484995654 5
448291923 472634663 1
4375984 447594071 9
543660541 256418030 2
865673497 902018239 4
506397291 50390578 3
414589965 905994795 4
238075663 796517610 8
680585421 446987202 10
964147004 311036403 10
806134113 808181218 5
814250266 11156825 6
613567016 674203728 8
15527616 163976804 8
859373740 325131743 5
478772392 381040303 1
81755696 696031567 6
410978120 466419819 1
890943802 185946711 5
827985480 165899914 3
107208620 210187517 5
350194512 358195373 8
470300669 835221660 3
852167899 895751483 8
868515718 124941348 9
73803282 217335001 6
644041564 676275262 6
692196582 196393678 7
735319990 117774521 3
641115585 676312217 5
874767536 843929411 7
990425151 429435986 9
803984074 566558681 7
36403322 715122237 3
198930137 846834670 3
873346552 229686700 6
220869572 98195231 10
512760507 842190540 9
532846933 287910437 10
786173568 849385575 10
52282960 317879034 7
521855421 277164020 6
392142421 534095253 7
126338164 950826884 10
843758406 184451961 6
424487609 98204043 2
972594909 321027927 2
486493543 888023039 1
722925555 633092901 8
803992688 114200018 2
453469562 736656496 3
542520777 306752460 9
90642929 57077577 5
486259916 542967653 5
456279494 926866655 9
840477749 60099522 8
723627917 358166102 1
332982585 706032139 5
368345398 780044776 3
171097139 625616739 1
796001129 734299874 3
774465692 912596377 3
802460836 88217550 3
2334878 399593222 6
278149277 447050205 1
901796006 417872453 5
288067450 890609168 9
505148433 188926852 7
467121385 185862993 8
6294774 695637917 9
115099586 567921907 6
501055186 19260444 3
274867173 275538135 6
753609413 539528089 6
948488156 565363043 3
202940465 958506319 3
427428807 454496423 1
154448830 83587302 6
550310929 689443867 7
744326509 603779400 10
593748749 736195246 8
701287243 521790672 5
725372325 557846359 3
878281271 785122349 3
500296718 991207882 7
212601476 978911899 5
976722026 299730944 2
510055491 895274317 1
724913319 120459320 3
976011979 355927318 7
568224272 516390026 6
25627045 681055706 7
193792070 538830213 7
136097010 650743790 8
622579356 489557310 1
28157567 98908757 5
889651945 458935401 3
832583886 38564669 7
785495277 13868869 10
112876326 636315329 3
867282773 544886440 10
131938871 833125921 3
571069380 601721634 5
880637345 310059398 9
275596412 107780941 3
770218048 709837816 9
512473051 198136107 5
534633203 181599794 1
763949321 170601249 5
651935150 794500696 3
402843788 306515455 7
685776546 543561218 10
229782449 24737102 3
750085276 688664080 5
644080889 758380241 4
836888826 587738932 10
988095920 911220034 10
996939293 793555728 10
138097586 513458441 8
510792898 382930695 10
935326663 831088221 10
323077986 235738515 9
168548961 497541661 8
221185788 252139571 1
820180414 362311749 9
521126721 668490977 6
489601539 395952320 9
688732365 819702451 9
787927734 379701740 4
896405653 829986581 7
971966707 947487905 10
396256188 201153039 9
448934149 293598146 4
281753840 809895374 10
237823294 774365229 1
789357051 898552181 3
722561528 709152129 1
349702330 807909304 8
95516276 209461351 9
834824442 687970229 7
970348798 926313386 10
552048658 718776535 7
986361664 756738255 10
341953125 614809272 3
400239864 136250422 4
255619210 748914059 10
486166888 992566027 8
751990090 888548906 7
963236246 436900348 6
425891268 764363056 7
624494318 911048149 9
739901141 766341797 10
310778617 856731906 5
664938756 300137376 9
304179024 778384866 8
662984506 624008578 4
973548433 50943264 9
469157912 938961716 2
627901572 173045670 2
848432177 330039634 1
467164248 510363357 4
715100172 206660925 6
84760998 562049328 8
184148020 952369818 9
296369480 312164524 5
862212282 325969896 10
666303627 452309578 7
634899839 886629615 6
960692104 862896419 7
145631157 294662412 2
786849938 763640173 10
125504150 264489735 6
544545814 511496335 3
747346850 801546846 8
190475285 669870539 7
757536615 603979350 8
533979621 6208501 2
60981354 605324545 2
269469385 423918404 1
189772020 232063686 9
14784759 42120737 6
621024443 678959379 4
385314825 786871848 3
303349095 490575343 7
124948320 517797699 8
22465119 666100566 8
842906040 337789049 6
206139672 341343362 10
343976790 438154967 9
535844277 666515185 4
230267604 129408550 2
381344435 464251619 3
541436494 908507565 2
34902298 54412657 7
59146283 788388191 8
259560973 74166318 8
325791802 526387785 4
142081672 395856658 4
684646516 619750328 7
932633163 975208636 10
550625128 534323178 8
57190048 761261011 2
147525370 227502080 8
895617559 611004763 10
308837641 913216951 10
152436991 210143115 2
825214542 171542626 1
644352449 420122141 7
742474196 500320060 3
356608035 290337253 10
297869824 256468792 2
36724310 934841715 3
257236174 719829321 8
188111976 226262239 7
730245585 728255885 9
379364141 91789607 2
314264070 433145899 3
946549313 151198993 2
772883002 913338909 4
884394885 686888824 8
740590149 246464207 5
431524199 44400348 7
175720864 858900021 4
379055288 261862048 5
859117129 838804543 6
600818961 777299511 7
470787329 192350287 5
283060837 256258891 8
12481078 719687835 2
597263552 243593993 3
212994120 818623761 1
342063364 440684051 7
69459421 789803911 4
75150531 27010249 7
303460984 774893180 1
408829785 96218762 9
1799672 420156249 2
511402158 340812459 5
252000896 313367698 10
414016525 558401872 6
130294305 768560338 8
959942631 833668029 9
480518321 445515771 9
130441914 437958696 5
367556983 272159819 2
822190543 467685862 6
766343123 185173898 10
903908114 432375601 8
429560461 492701363 2
774401086 623564734 5
741527176 948633622 10
745712012 759147834 3
242791302 587174376 1
85425268 223120515 9
887374293 475044536 7
740942563 891987653 4
483670299 130561685 5
926501121 115098925 1
942879850 93681246 6
42851645 413083483 2
529828201 158138767 5
269132402 775811418 6
549029217 474119143 3
729790643 290739410 8
358875993 230830866 10
429847784 947194006 2
427949719 14885957 5
14330246 827060023 7
442486886 855673730 2
211847161 445929508 4
840338307 114664396 3
30309700 183766426 6
393025302 740313595 6
598547189 787224616 10
853145657 505738341 8
812230506 516662797 5
966838970 636057382 4
259018121 618602634 7
322678649 144873437 8
149381496 448959504 1
485902603 919850934 4
749006479 787961852 8
688061271 799631514 6
843925940 443845822 8
558818331 554405488 1
868773495 313274766 6
581670788 147820659 2
432437159 832993966 4
728634031 753953631 4
443517177 633202815 10
261418294 720443225 3
593738511 781826269 10
78814123 676471530 2
850209129 559323204 5
330721043 934581494 3
511125249 615769557 8
88755762 718079064 4
281904528 966747208 7
166017869 977345447 2
461685900 578335394 7
203582144 251784186 1
49336672 986647029 4
306504476 626545148 8
758240413 576892228 7
65233090 529104108 3
535682969 826432805 3
992199077 397212024 3
61311536 565246109 1
139744889 814897263 8
184652941 125112460 9
420658681 10183290 1
603926138 193272027 4
299025804 363660541 6
280203466 532638761 2
862250532 585671358 7
392154042 857733090 4
948947767 719137487 10
346082044 449037498 4
944053698 252899427 1
258113451 538148078 9
394908430 281554977 9
879479873 367341274 6
668852877 132408566 8
910666211 620060831 7
779818073 145912367 10
865144784 366896343 1
67713349 364569422 7
965720082 912748261 1
507756656 323210615 7
194760104 796508939 8
296313565 575691389 4
105933396 124398051 10
661667641 229814951 3
465639902 319657774 4
955962198 596636922 3
320917750 964887946 5
386984670 26802162 1
967250323 331402054 6
486497227 729756307 5
263151861 712623772 9
752613937 601361137 6
229829578 967171956 3
221017752 225244729 9
470128320 822177229 10
242688446 104853608 1
884778286 749086577 10
360494330 505957634 3
425554423 695434993 10
688819350 845416770 3
316831372 129298572 3
82254024 84151256 6
837404938 201457717 6
364464870 93263052 5
257090366 164961825 3
130295130 11570884 2
777706315 675469406 10
835556535 387221653 5
202105100 596031569 9
749589419 126048357 3
511641314 493436437 8
264968114 715420090 1
735588196 119892335 7
876473066 377548369 8
626113538 993349491 9
917935152 923377678 10
143147351 451672529 6
846701927 637045134 8
505054947 331623484 4
819289020 349423633 5
528049114 923523432 1
44861259 374424928 6
875594137 827095821 3
775131890 782626455 9
451525079 917109424 2
47091154 878104850 1
817524213 632426350 10
64313370 492258415 3
52148330 198619310 5
942297713 160414774 10
366161063 118859174 10
992346634 630288458 5
443829682 197990960 7
778061306 853249957 1
692883160 298760578 7
476050531 708575989 10
30675705 860289983 8
49929598 380383992 7
78463 709600430 7
924912303 656965816 10
624648480 485875967 1
545340564 29242590 10
690091265 43100262 2
995752120 362054599 3
505190742 641551348 2
882246417 38761933 4
623853274 788491515 5
801200548 861094147 1
707222649 277579892 8
385559987 108080097 5
678612834 559300717 9
502606846 757082512 2
682902396 171854039 3
440834146 450006154 6
888484993 860107007 5
305530357 618960572 7
179284809 954625848 3
927044202 887618193 7
631046820 308101438 6
443870798 546730920 3
102537930 458729639 4
897906392 142187021 1
838533322 980307341 1
883590379 724624006 7
456983562 717460512 1
920577892 228512172 4
27561854 653579147 5
142125297 494330434 7
440056351 758193982 6
578829805 549815504 7
282158741 698978816 5
515081811 485107336 4
822157935 831849899 4
558514203 186074798 7
203746162 137687694 7
144442296 827146288 3
652909498 616925832 1
158886330 827369853 1
402889957 397010689 5
652978548 521158977 8
92355513 736700199 10
37483659 988187508 5
173534414 301158890 10
131022502 439773209 9
310504927 673361143 10
643083254 119812966 1
767297440 224626379 9
862347825 860511679 1
740432779 514370798 4
118965923 195731027 5
206777879 678395627 8
561911449 64675861 1
675502007 107880100 10
984796624 678187614 9
496437241 432328247 4
453818032 690008286 2
791065912 8059370 3
62544467 308000194 8
39413906 477916330 1
762680805 139934772 3
975510449 658240102 3
332491607 458325156 5
384699839 15423977 7
97322788 416893076 4
677289340 316639116 6
813706692 238891478 3
531011885 909601434 9
230643347 35172511 1
792188475 195944931 9
880376601 733335470 1
73390470 975519223 7
597109425 953512809 9
480738741 437706213 9
945712180 26847367 4
916633710 929860165 9
986602946 577656247 7
707315642 831556406 3
530630507 692653892 4
386289736 92121036 2
210663714 87141314 7
46558862 448118466 1
406180613 304116196 1
754487890 407264756 3
940203771 700364347 8
110966653 768696151 9
413470916 483253495 6
143612614 516417314 7
876832437 12099305 1
825894717 642417230 10
113910719 831758623 1
87543730 274757996 1
33990532 629978459 4
915006060 999083822 6
265940114 857985366 9
97011798 595123984 4
464496669 154690958 3
764063547 599147406 6
359490300 398602138 9
944875744 731680651 4
287468640 984285460 8
860468287 144258966 4
223524866 385939352 7
766696658 387534928 6
235538885 162861090 9
302014549 610495522 10
140673063 927899693 9
976596434 254695024 7
794952787 193994954 7
740059548 86497309 3
668000756 723830194 2
813848123 707646151 3
321778345 430702637 2
487054963 203600149 1
534443891 951571423 9
859640447 391797541 9
793799897 76272339 5
105642684 993304356 8
295589850 747835550 8
880404478 828803638 2
260719651 693766283 10
18485130 808880151 8
113303355 860219875 1
464993160 878605374 2
412467582 238270536 8
455570522 588828768 9
299906654 230729598 6
627582620 705776072 6
25508511 641720932 7
959557795 1532167 2
354927987 242167926 6
953240084 125810597 9
649591579 188385876 6
733776589 986315876 8
423490363 757330057 4
820562193 433887713 5
500469073 863541231 1
857399657 153885757 10
617622624 953665933 8
425025666 321526056 2
492722899 384544964 7
37356851 373526711 9
327563190 93927386 2
964945526 103415830 10
272382517 165023752 5
653185894 701726680 4
426361705 15582920 5
456860233 147135740 9
215187842 454128885 9
101770687 912891485 5
974096816 457528181 4
563171455 626536612 9
330637482 474611969 2
702852707 787658873 5
736217132 685135840 5
365777269 99810986 2
809827599 592925476 4
937104982 732282129 8
847887010 828966112 8
506651145 253845427 2
371628562 907275785 1
710833747 19109257 4
937500410 445214103 1
222052698 964222237 10
813237771 854435463 6
927389268 67398761 8
613867016 899793461 6
451694516 940137978 4
863134898 420686790 4
109258422 749383646 5
386523133 934213924 6
312519210 31880319 7
864706414 475075369 6
373073283 560426328 10
631777759 357935525 4
421970519 347394544 7
584106866 184438444 1
358560943 827981821 2
682166947 41114722 2
511210053 835935705 6
142410659 213313477 8
812319704 332154485 4
872615172 363391056 1
907466862 652419683 10
297913777 894752950 4
558835641 408099965 3
809047875 725303176 9
67220997 2392051 10
616256847 414787261 10
749741028 434267716 4
52854048 318228965 2
364462816 247631256 2
607654942 141253695 2
873367753 691354414 6
551277573 914996082 2
107784272 150038663 2
46914943 486683554 3
160170131 76712402 2
599957669 424489068 5
175478191 917561911 6
368841773 52837720 1
83160282 901564807 8
585411782 229937864 4
567303748 494040743 10
675216964 232823830 8
552908664 601753790 1
489322236 195306893 9
373997008 976001456 8
818584434 410356325 9
625876460 355258380 3
417529518 277989807 4
948503690 676907338 4
114070853 320928960 1
178331331 282893454 5
293776928 264935657 6
541032585 204266803 10
455467148 785200892 3
968780856 188243034 3
681855976 10689202 6
904128509 1589506 3
557136743 748941562 3
928847516 241029284 10
43893745 705114566 8
842465963 424693574 7
702664969 38995913 2
751074268 237471367 5
670407647 304140999 6
241308891 797321509 10
42426021 321043744 2
999599076 794967099 3
759377069 598947885 6
905421076 511411703 7
593934355 858201260 9
972475580 293617402 1
549689580 156161256 9
998449907 544211811 5
673998202 520246033 8
944657484 215543710 9
210090893 263184901 9
298428518 492939952 6
812691066 802756836 2
163959915 262732834 5
951522987 398882093 4
604051930 120980023 7
916459929 763999982 7
359552941 783400762 2
124095257 171434004 3
142374228 16203598 4
605646657 393180099 10
334617077 182971061 5
374292410 12556001 6
357570955 308423661 5
730643138 886072587 5
661221060 337982983 7
392214001 314378435 5
685664065 119497053 8
396152053 984908089 7
405051657 504052346 3
16594471 639613029 4
156876635 898478343 7
15819695 446475112 9
710332324 16820570 4
482580168 952117054 7
332137650 520762402 10
848073733 41530678 2
120329763 487427512 7
141203896 966508065 1
993804303 678526805 2
100001594 451695081 7
773925779 524911619 9
777008468 360914714 1
228242271 45479421 4
591487746 630907284 7
148930035 455277771 5
907072712 468783624 7
601895794 196240526 3
450573222 233596921 2
102754195 349858134 6
864331704 856964355 1
780657615 956738452 7
452632527 652177123 5
315605207 553359086 1
446495212 331434557 1
412012394 3888934 2
877968627 778804822 10
309831712 388682050 10
76090859 782002487 6
466877088 683141684 4
778173522 703018348 9
674314509 874799012 6
122672091 964322943 5
930932119 158793953 5
502488374 830704936 3
917688985 68304381 2
592883432 858871721 2
142949061 629734527 3
73228262 255431374 1
251462878 985674382 9
478972300 724228417 10
960417922 340322290 9
203894010 227569816 6
519790132 257871110 7
956377672 720280301 2
664513297 6029611 5
326361057 393158947 1
181420218 96278318 7
86245999 780833885 2
759498400 694543860 4
807859034 916067777 4
976343966 500270210 9
268296737 290237489 1
956705083 151354983 4
343258517 135602282 3
922259767 562110288 9
617473051 963180620 1
534780191 582010652 2
886807768 108407837 10
747258582 717757586 10
331977646 94447425 2
698326409 577532956 6
750076800 682093057 6
612417847 755553575 6
368706128 352240069 7
752886974 766965157 10
16095908 268123608 6
763255301 687341168 9
131548123 330675212 8
208264221 313168588 7
862266928 377803207 10
156148935 563550933 1
550315851 709323714 7
58719191 788677693 3
492573345 795409862 10
276586170 926106300 7
450887332 533330735 2
516232966 952179244 7
542848064 701603525 5
307025983 779739449 6
973990311 190276059 4
663382062 840333484 10
695406320 558223059 9
974521468 24047793 5
608326994 79436906 10
699574907 556453697 6
479659698 501161143 6
517391521 520270516 1
234601497 767450376 3
7414828 200875016 10
632333658 869238629 9
579579477 621271 3
490999782 642788090 3
918791923 489154813 9
986449365 520830903 8
253828121 43864630 7
262776980 838094411 7
849221932 456892761 7
90834546 51342422 10
191404051 703074034 6
874266226 474479436 9
933993640 190922845 5
750671779 2915522 7
520487220 957979986 5
658249945 918971048 2
60312726 22533367 7
963499306 783219558 10
882085747 66393025 7
497774127 407028130 10
967704144 407947092 2
741568575 395530843 10
251965930 295512903 7
575882167 450564581 7
524971252 64569960 3
775411824 855274803 1
827670127 414672636 4
393215690 275528331 10
471032184 976288989 4
776046052 553730807 5
136404270 934394552 10
689690652 65520406 9
193137817 138439878 9
402429946 339820715 2
214353091 449839102 3
473862914 422142987 1
337930278 409401352 5
958011005 154245173 4
383782020 244786584 7
449073537 706014156 4
421702284 11176893 5
614443356 806956843 2
35587777 331640127 7
907565674 754909120 3
940015582 423880240 3
715446201 239371231 7
475090926 36877743 3
275887989 257098832 2
130498649 673767885 7
988755139 265681594 3
984654949 725196499 9
217635380 516307238 6
428756900 966827832 10
261138406 950289081 2
820782149 183259769 2
469560622 640105809 4
210183514 531905590 7
478729235 553135752 6
953680731 620003962 10
351881148 549539779 9
445771664 130127019 10
231430317 209810289 9
970503200 28063310 6
235776596 912026248 2
907581493 76955400 10
940580914 105679021 9