1000
440505969 731542096 4
691817810 898057608 2
269356764 465706563 3
156557621 655581160 9
357432447 64223154 8
548090161 772505146 1
576565863 519066415 6
443974057 556615611 2
618383927 293419907 8
59271594 208000936 7
70572953 941300212 9
840679220 316668966 1
785930163 538038688 1
889941138 865930706 7
12360705 599040845 9
892162062 634623301 4
768829347 328812418 7
560544565 877400706 5
91025188 401131401 2
271134021 489587927 3
795580445 501475091 8
457776197 30293475 10
679457115 951579894 7
609262588 498475593 4
601920878 737167580 7
157106733 170431191 10
478869664 642829623 9
137556225 759780839 2
27826316 730415339 9
307718034 343963757 1
415764247 118520999 4
169657166 79231938 3
105483026 809934091 10
414245636 199103331 2
785808452 367037763 4
364280532 853391031 9
243851957 646642899 5
100252782 67454167 2
23931257 670522302 3
906580041 846832470 3
945899261 318502976 3
744268038 758296945 9
167380239 369411903 2
43865107 430999165 9
410397603 279001590 7
829744577 217027925 1
624147258 368122186 1
207035597 955212787 8
808413197 698917155 10
295632327 193074791 3
961722619 343679011 1
979961209 552509557 3
898927416 970691332 6
770446775 481163728 9
332002792 661697546 4
834822299 309559404 9
65729620 728093743 5
613742422 572699288 4
455274922 211630706 3
430264782 185711746 4
268942284 41651096 3
620433401 696905128 7
210543965 530450567 1
969798883 862833398 3
151074999 198710226 10
892154967 58510621 8
765194302 104882625 5
53367954 359114913 1
496262051 875634375 1
799249017 827180856 8
833801870 943018132 7
878086863 392424325 2
257106339 951598699 10
286211963 724871870 2
781856821 373257189 1
544106080 560521899 1
989948245 919070621 8
359096080 726098713 2
586935943 896989874 5
152874614 340568261 4
802319618 534953759 9
353033967 867657060 4
476772634 605688841 3
216585354 168894245 4
619589943 686630746 9
988749103 979413102 6
385355412 730158419 5
693227111 958419617 5
665357142 560336312 2
668075947 55972476 9
482921988 36548519 5
834629341 973491194 1
188611297 37236443 5
550993245 631922981 6
76865005 672915225 1
735396686 973555520 3
566717185 955419808 4
942603519 515579867 1
399894998 160876527 3
578644239 451987371 4
196198865 43452240 6
101784958 106629827 7
239729683 893648040 2
980340207 914363118 6
711678906 599386344 3
755309734 785718786 7
97381777 210480855 7
310310144 119178484 7
406175022 132716982 2
287500381 721915676 9
371342961 284166564 6
638538388 450185204 3
234704277 17955141 2
916941333 372584597 8
181525656 194469286 1
840341734 288197614 3
999051131 900226821 10
671604588 115348398 8
269081849 96132146 9
25170145 187019261 9
44323965 532620803 4
170368380 566192279 7
722612034 445425832 4
501961684 88507517 1
169019590 629507151 7
969483151 225667213 7
750917195 322555465 8
745400084 270392146 5
327233314 651970977 2
855109176 24697834 10
857600732 63704615 7
38623603 949046532 9
656510426 968279840 10
130586712 628752686 2
40691215 627990796 5
297279049 861472773 8
612778687 391946320 6
789722856 819773943 3
937606658 114304391 9
871423734 177640350 3
722519491 404847156 5
514361641 455126538 1
120057768 660524215 10
268237368 515163712 3
965014842 233649574 8
202132744 247216071 10
543531055 902180347 1
387526762 766404391 9
339861135 738859997 9
143651229 261521708 7
604370739 802711347 5
852169587 848618293 7
57097218 69339383 5
409108226 305933953 5
202678231 538869866 4
745082548 879412000 1
896913935 711292696 7
172108844 457974210 8
899065226 943974508 8
636307679 590541293 6
13632948 449189078 5
846017445 596100280 2
414444121 862592178 4
770362502 744217232 5
848757434 729768413 6
353895482 552957427 5
348885390 140707255 10
768840303 605141384 3
457401511 556930575 4
385344605 943373218 6
784430295 604679461 6
191875463 753200315 4
515064924 139475572 1
390117371 382109596 6
260311161 902040542 3
112699808 898684597 1
107867242 648145033 2
75704025 801550005 2
939899584 591286819 9
21463551 157028301 3
136030762 966340869 4
195353535 301636142 4
144339668 165290838 3
530503512 842811595 6
863561723 451640725 10
801045386 220713505 8
569952619 254295724 3
118647567 210455092 9
183695930 349029647 3
221612059 754307636 5
383977529 189891453 10
846552579 948944283 9
555337646 586367950 1
309743995 483785577 7
617991694 574131519 10
771372084 461915333 9
893008627 728913075 3
74720548 699348989 7
85186123 699551160 9
284515826 368076605 2
929498125 703088600 4
976266214 998496873 10
292692777 713777422 6
576811177 835310420 6
813145573 732905316 4
900465742 369265402 4
547794500 244681673 6
774184490 556249377 2
760940758 31801627 6
952095369 84041208 6
685751674 721027132 4
198770605 338962041 10
553001964 283091869 5
257623223 965363982 9
572278696 356117795 3
647472215 684689913 6
584066825 431002950 4
805857384 320649235 7
248503127 871419933 10
543872674 334171594 4
34255650 140237454 10
988200862 242161678 3
573048258 366502825 8
83684909 892661220 1
836348204 553469384 3
568064668 416937041 6
413818564 932876840 6
367103770 374259300 8
857259637 403816424 8
614791320 884648906 7
617340527 403627203 6
39550167 52608691 5
472421118 799233897 3
342775643 814571948 8
526043122 652170103 9
560361566 623548916 1
526744361 625458950 1
600094478 579224802 2
262444255 5432049 5
482994945 928676840 8
103731935 797877472 9
819751351 183404989 9
474577782 187616604 7
675412030 637218465 4
457478815 954369962 9
462659729 38588676 3
215953717 82904067 8
868284368 627914352 3
799388843 210145089 5
37204518 20375747 3
15180402 97567480 5
673295618 30821440 6
874218683 462098346 2
707180728 130599526 3
822420170 937925105 1
357631274 939394860 5
386714505 668356143 10
369249347 911183464 2
663061620 470872838 7
995096557 387301496 4
23535377 795232312 2
52382512 627439765 8
428937003 147307158 7
345915972 956914164 4
347703339 212209998 4
543524357 201732414 2
700141985 12173917 6
539588161 451195147 4
570704509 201576491 8
883254161 283964604 4
391661179 236323274 4
828435356 652956394 8
137233352 88335329 10
81877378 649812540 10
546591617 275530879 5
931332766 252121500 2
774441804 6353676 1
666040529 94824586 7
743640160 52985845 6
81393175 912830331 2
433633055 551539224 1
240730249 671226526 1
721117709 897378677 8
348256615 317862550 8
599581829 802948522 2
901332590 148831624 2
121348014 316761612 5
590098296 19140506 8
35846460 20417046 7
725268105 586982095 9
868305683 701733041 1
573021865 535775570 9
236284356 988919682 1
295920035 973231798 8
499374582 90873559 10
15899415 723640801 10
195893984 399920780 4
595413423 138516726 7
577554014 127071819 9
395540424 95227211 8
89161910 26245863 6
550046496 852443422 10
138382662 389704283 6
207378070 276394239 10
920921558 213266405 9
415643736 986467012 2
386947301 242275345 2
732881785 345612043 4
705249272 930591134 9
22665350 748009654 5
636617611 345523913 9
630347449 395839248 5
881934627 587922735 8
174428372 301915262 3
705146568 804923218 5
814745243 523119122 6
181516578 880920842 10
109689491 636522789 4
215581866 844311974 8
277999919 27623071 9
995639189 293877505 6
214182371 21587258 10
687070418 764721157 10
707257681 295051640 1
358417470 191750032 3
611776372 65575115 9
664275811 190242635 9
25036490 209916809 4
907206806 896804765 7
654472113 284904447 8
962636980 416275636 5
292413986 766447160 1
217691026 923151328 5
22219768 306374875 6
754487074 766461829 4
792290260 383701432 1
573656486 254035628 10
185781451 844915261 4
818677866 418707864 7
59707195 996783753 5
223014894 295082773 6
81368364 919926406 9
818591358 968020144 6
897310909 98293520 1
451546554 555614605 3
741754546 216868991 10
702277404 426789782 2
480441711 170642519 3
898253697 933274188 3
140415034 810043965 6
573654073 240034591 4
720271331 242854547 6
829743840 600342817 10
393722252 574867150 2
348537617 519382098 6
333505198 515196395 1
595534998 949733585 7
841495047 993918674 10
985106680 931198915 10
608940229 401044838 6
530668810 92414632 8
168533622 433384889 4
468693510 993202899 5
704907804 431761680 10
330614139 645458397 4
228317776 597941626 5
408676973 672644001 1
838395442 763740310 2
855723704 910507356 3
98211437 992599608 10
415531168 309244455 9
50047455 72328565 6
292911465 830587205 2
995221222 532369034 6
959656192 357491610 1
167299203 334957878 2
960234507 51829622 9
177255947 992129107 7
106979278 41440582 9
268986203 254983037 9
137219505 12854689 10
796008229 863668433 9
811617595 357409315 7
745773637 461685510 7
61138005 535816490 7
572140712 738335 8
669703013 757990014 2
612185485 147062743 5
150761430 458867777 1
198013501 840286041 4
787090542 541903946 10
947481604 898042899 2
484890105 843092562 6
263359922 522597537 9
275700900 653171686 9
31043595 652673283 9
88332376 802692110 3
441256881 25599314 7
846702147 391752512 5
40194402 494272888 7
124237316 491729956 8
699484589 321233506 10
605964678 470402622 5
586622478 972408215 3
656320236 470053154 10
205729272 424874574 8
400585985 695336017 8
367385739 460995514 8
573408562 650880464 6
688091396 825808755 10
278901141 873004297 7
709472445 567496465 1
325534958 806223275 1
385082717 440304524 2
354247244 754799373 5
765245716 811237212 8
20745573 320872559 10
922676129 866667524 1
782080287 882008459 8
373689969 634426625 5
824345786 787045377 2
117970309 546848510 1
167030968 557008617 6
382366466 189985120 7
739398268 122239141 4
878666178 240147451 2
333272653 839565644 8
722746563 17782076 3
167427884 7258447 10
873633453 105221009 9
495325933 162000376 5
846650362 374464958 3
157784091 240933804 5
196433907 465778134 5
115800440 579811306 8
282193966 57855294 7
559873627 168676602 7
230150603 220334520 2
276883542 370344926 9
850852581 503877352 3
714503581 646842336 6
164962392 45645123 1
94023358 813516187 10
665464930 627445357 10
368559928 178402724 2
309213352 460783071 3
716885428 926271005 4
459615513 753870029 9
202761461 315826921 10
329208739 340959022 8
175470282 886975645 7
628761097 82680210 1
139811589 286485247 2
144549207 397921412 3
996128553 531279125 6
116448954 78150823 7
602363587 103696442 3
747656161 382355129 5
499915645 999865955 3
616161844 274629365 4
439612227 70844215 1
826326237 456555022 1
596716011 650311728 7
29636698 870969597 7
884568795 730559933 7
500227458 405541214 7
54428546 685124561 6
642526776 470167706 10
849094617 992207282 5
388209847 45621495 7
402725968 827107946 4
957066615 256292516 1
472304743 87293122 4
110960103 137398813 3
931537194 524947580 2
859545878 638689324 8
123281648 832391693 2
534367526 477402102 6
193138200 414400316 7
495970773 678113181 6
10416434 86254806 8
146915802 77231380 10
835105243 928811828 6
289375834 940359840 5
800624451 275002611 4
297419148 158664136 7
539199039 840780395 6
400033882 977312560 9
334995396 265856742 10
639707390 559386773 8
660153829 987374622 2
885309801 366691199 9
59940041 74505558 1
830495148 449880959 10
342361342 264337311 4
137107670 903898723 1
232533665 101270550 5
684939154 982309861 1
250566459 931386662 7
892674454 677028793 3
85021040 415705609 9
279744508 747574936 8
469891231 348449813 7
717194758 292952487 4
208853611 609637742 2
812453967 384739616 5
647882446 740984051 5
165402352 96699732 9
700941699 561411418 2
823490350 768619181 5
743214318 516063599 2
855082900 850463575 8
270045499 802275746 3
479198132 458016353 7
254109088 559506573 7
457967665 677233677 5
984533914 749496116 8
52276974 834397608 6
816527470 513824135 10
633949247 108642285 4
607608860 456124358 9
60216478 774811853 4
761106302 598786452 7
575007015 377392897 8
725263705 784686991 1
780319025 537539013 4
956291126 620342364 8
723758724 472518888 9
953394937 426735934 4
12736837 506040161 9
725921985 109674928 7
859084615 178235552 7
586474958 649094138 3
332994137 996983348 2
105094818 846726301 3
385534834 304812480 9
68343198 685151678 1
826449706 186449479 1
185203422 551130404 9
930332055 363473524 8
211090486 530504541 5
508644779 200841894 6
913055869 303448948 8
807434121 282574502 2
181528095 699889960 8
391240843 677210684 2
321570183 975374524 6
767005603 391237561 7
349921410 35874720 4
463755678 33882305 2
146079846 929433142 6
155590956 284401876 7
871648505 563188633 4
592110060 157201871 7
325923406 777560707 3
38124293 535486623 5
125171046 221501128 7
868618803 700097356 8
669799744 288173553 6
228084103 249617595 6
59234669 989025203 6
902042105 338850330 3
332830846 770535636 1
934638218 114921148 5
765722738 128009232 5
452674971 427977147 4
160738816 200889426 3
296729073 962138300 3
36176589 651819571 10
419096316 753833478 2
604669392 669881822 10
184791474 537151830 6
102079812 991226648 10
186434479 960831203 2
839938960 26447506 3
27598857 282408027 8
697157563 291322511 5
598015028 844630921 9
344101952 889170353 4
467036981 525378915 6
646211586 598555731 6
982154252 661882879 9
782514803 34275297 9
379722322 233132887 9
650740459 240376202 9
610048599 115405330 4
726330563 832049645 2
542515023 379079608 9
494794174 303608716 6
49134554 426100036 2
693710229 639764839 1
749619435 103788347 8
844614771 892701134 5
717459618 352693617 7
351407267 357232172 7
119585465 47991194 2
140593940 573734441 4
336418154 953872119 9
242643918 367608629 2
452843300 452942608 1
522419578 703327394 6
664024224 63941411 4
507603190 548146658 8
269433082 166471681 2
995893252 510451571 2
711336679 352930417 10
296242887 779080745 6
226563272 671608776 3
740325016 499798174 3
768371731 949513901 6
16504160 404247952 9
725941861 320852962 1
551739715 504929222 6
896020444 857404815 10
156845073 243512885 10
142302234 181494419 1
367247727 186304058 10
711374900 203286657 9
434988674 726760010 6
185083430 97963190 1
48666068 331716045 6
234846007 210940107 5
383112554 437335004 4
438152320 981774255 10
826865935 134350054 3
367086987 965112368 7
249578530 930765573 2
853936940 716505535 5
899323649 633577850 10
747468964 194794055 6
588258498 895966006 6
539211987 763126949 3
870917916 974748981 4
500618173 458261800 2
440293867 419878626 4
375701508 815757988 2
554854502 203164579 7
102407312 25597134 2
736634855 356651804 8
820772605 316213951 8
229519004 159931109 2
608510889 233973669 4
256351173 564183829 2
138364309 480056915 5
58049457 386224461 5
987313782 874275158 2
67382539 39306526 2
193788455 414592581 9
65877599 370343229 8
62678424 518211600 4
131861427 922046888 5
379260009 303231525 6
868975866 986332179 3
404392255 465209880 10
344087900 599829710 2
451384663 424754405 1
833808044 422760933 4
465826665 124373011 8
828541328 499334957 6
165499644 524121479 6
362543428 545918142 7
982723224 767185883 7
593698338 150825638 8
440313644 931984255 5
25749997 480240873 3
778492013 912188026 10
506174682 647281617 6
423596126 521085980 10
43246467 9226210 4
281447035 831433479 4
129952077 523630597 10
898506378 659198778 6
889844120 492401845 2
472280961 982192809 8
263707707 563862481 9
230400650 361178257 5
992922667 765707064 7
640245728 358428620 10
274796424 340356430 6
57834918 221558844 4
745243282 52595429 3
89224779 540571945 7
813864579 322658095 1
340145796 893763768 10
65619184 897699803 1
494031872 91816204 6
798642327 824905023 4
470197614 654138628 4
504421511 735047250 2
113965467 318728311 10
446252312 887628476 2
623651633 481484386 10
952474692 768782800 3
651497684 609831946 8
782176956 200056340 10
293530349 425130282 2
846484658 556434609 2
295334689 680341992 8
399960435 398820384 6
761058984 131031417 6
368327610 881275629 5
635694397 789645818 10
955222214 945090266 4
161224359 384376915 6
408010028 119951613 2
182866970 171171972 7
322515018 839616375 7
121984044 795340629 9
623625860 279340700 5
444834506 9832188 10
226471994 119817325 5
503984129 692868769 6
231894456 712320276 2
471733514 670832468 8
274572911 483486198 3
741659107 82986134 6
144308343 555347523 5
646082424 552176022 6
63965883 838670239 8
92294670 983169459 7
746290097 23786070 4
428730395 860404802 5
608934172 637246544 9
372267058 999678944 10
305974774 525554852 7
708957956 204128836 1
188659419 536002295 6
718862206 547029410 1
114165227 949375746 6
868720567 48643084 3
649093397 603651906 3
30426039 972410582 4
960136728 993679560 6
100139424 896009054 9
868116401 66078025 3
279953051 270529514 9
669619026 860335034 5
982543830 340437045 8
533662613 354895710 4
617731437 625412032 5
635670323 765998807 10
711104606 195595918 3
215100410 327326594 3
433618252 717482693 6
757933680 611520794 7
29001289 149136624 5
615274737 641513288 6
959260461 631310289 10
340419171 113470759 10
895929804 283281456 2
829053386 409396412 3
525102270 584988535 4
120495051 828239618 3
401044011 998585226 2
311839435 479366243 7
717471012 250316640 2
554763531 423209314 9
927944594 621706771 6
112439390 550677647 10
534812888 209866254 3
385511302 40510470 2
136004377 724054520 1
922207011 142084889 1
578699237 412799614 7
838939948 49849709 1
983377885 481346339 8
383255309 888716532 3
838091148 385656725 7
293374796 706585003 7
765272985 964708182 4
622944949 965514718 7
28030560 40506463 5
304501002 333636314 9
831762542 814558244 6
109961855 711685857 5
880242253 899257821 10
594949975 494298130 4
493138635 326111191 5
430418043 898358321 10
593094942 831454777 10
671654414 59978002 1
328781398 872635200 6
259569950 917811898 7
185287063 50576620 7
536327098 260794073 9
950970993 654992008 9
297915989 681243850 10
393803425 236701105 2
961522404 952074312 9
798807933 198089411 2
587002891 492040549 4
556562457 30821775 9
903139197 187482857 5
838995617 382272717 9
304672402 60954983 3
388023581 915120042 2
964633851 170419145 4
380937329 378418469 2
244581113 493964555 7
22992041 667827139 10
74347163 190919323 1
100599113 126770299 8
710087491 107490949 1
58022388 744043357 8
623705885 189889115 9
545395424 531768923 4
619792986 311301802 3
994971138 641180936 4
249902527 870391070 3
563407999 974420831 1
840057369 47248519 2
406209206 973913135 4
180339990 686568301 2
521714480 327975494 8
929541063 723447123 7
187146513 885919018 2
34006742 721299566 5
403832314 212626414 5
545239882 341437338 10
689791185 968948886 5
571906100 154451701 6
956067145 352342942 1
524810803 529463909 10
773741703 378995255 5
628494777 321884285 6
1329810 459119131 7
512121407 716824510 6
840861827 310409612 8
75866337 691902494 7
697732555 658593624 8
484999304 951172729 8
571777206 60893727 2
400366721 659675400 2
395020652 155797973 5
185428738 171287049 3
409452553 191443637 2
176141746 23342542 7
558454512 960701256 7
689094792 986329474 9
1508668 400130724 1
3483250 448820777 9
36629904 89794201 8
886735445 134343300 6
739536263 844177258 10
443979574 622225095 6
531194932 920403807 5
358692719 302048641 3
961506438 991099616 1
334667102 744855386 8
707448160 347880377 9
23462649 988917697 2
145930603 1160938 9
145067736 231729445 1
302981291 702192447 10
404654828 852576303 10
384915916 712776636 2
575823179 323586726 2
518108227 840798355 6
212316489 574257126 7
864335693 232641960 4
46625400 920068689 9
206521602 286688652 8
607562176 665230204 6
932828874 141744694 7
841268674 110247880 6
618283435 666024772 7
356064467 256447743 7
256734344 905337799 1
851919016 628748951 6
762895737 418248882 4
134965671 519294330 1
905538295 588332676 8
223785500 67435998 8
48137632 942101571 9
88972660 770489143 2
820078987 139187708 10
441343610 341992074 2
978534477 527119916 2
79868771 723828871 8
927774572 993694787 10
480260011 85984220 3
567410511 834370607 10
224578868 483569434 1
558235538 419905559 1
762115491 247331751 2
649267498 26008581 10
908912355 520516858 9
287254277 338588523 7
119173241 828242961 4
759353512 396640047 8
80567102 294157173 3
996249659 955326876 10
711138615 242088830 6
472725242 275909115 6
524208536 397840814 2
10363784 446873449 10
725338788 717723007 4
496448084 801049095 9
76409108 542977239 6
754734838 68225673 4
394531375 775197297 7
853500330 107534476 3
470054354 513028470 7
471615193 320134246 4
416305933 544514054 3
558528866 28187332 4
350818344 72334558 7
671112537 533278795 3
199775828 329872661 8
141135176 24464797 5
192348919 183674897 8
276346198 432426225 10
430781895 639599636 3
395204125 842628239 5
978057067 747312725 8
768925069 391726401 10
506620907 814549833 6
341705714 357917687 9
521763021 203700406 4
650082696 361995703 10
921202980 666597911 10
591582016 277715882 9
589479681 663098048 8
874889598 305532275 5
879096470 959115342 3
376789192 849129243 5
875789348 860991689 6
872546021 863928364 7
961140958 144140319 6
751201971 871820430 7
433572629 183175747 6
841412528 709453887 6
680019756 681228964 2
330169413 762398467 3
44402221 573101840 10
986479794 699039872 4
311028067 953045764 10
650542235 402713906 3
334306148 426252705 4
185017497 947800854 3
237979602 580884941 1
461602393 482704322 4
368172799 519918945 10
584162234 420925483 4
951234766 111784374 6
88291050 632489114 7
491399729 325674594 6
344988475 900181269 1
294344655 304324150 7
889738874 634538382 2
133060733 258127203 4
585369683 171215506 8
117790816 103640007 9
183923376 923902920 4
127807120 131292097 4
116367883 140005589 8
436876649 612266298 3
149396841 150601675 7
581266069 348674047 1
950720293 323282779 8
134061220 874949981 5
317910639 919579650 9
259427649 801008124 3
858116686 600144405 7
476199115 427421404 3
420368685 266905354 2
761343426 594087712 2
198235158 950482011 2
296366655 3149459 7
767097762 264498179 8
664183795 862819982 5
630088433 217698663 8
720884871 725860147 10
186608947 272291896 6
96603490 783342532 9
138081967 77069173 8
623657755 317261012 1
685022812 614126556 2
363305222 41102460 7
709417403 919067120 3
254466099 791845236 7
443117210 395250130 8
671238527 195242658 1
978949559 500836105 5
49468376 927713242 4
555728359 156841731 8
999501505 190724745 8
451087934 816079365 5
320927311 250701325 8
762151152 306541859 10
802284595 543920055 2
376978867 861376530 4
339551910 177962268 2
5137707 216416345 3
825904830 981243796 6
958304482 157682428 3
446572098 220377982 5
522750822 292429841 3
134829791 153847278 7
873880280 273909818 5
704501310 835839521 2
789887515 416465275 4
521443936 726866670 10
299467252 45607429 5
748168884 427021106 10
457957608 589456951 1
475481951 172170491 1
849318522 202084025 2
249417322 281119340 3
567599464 530641657 6
141947665 428291344 3
754234456 460808243 2
249770066 842589209 9
571482615 606025160 10
420969219 92795902 4
40916557 934235605 6
3355412 271118058 1
939412334 210990177 4
831195994 809355051 10
931412775 706295537 7
687446690 99142677 10
825837152 548217019 6
173188454 448293307 10
128963230 701164942 9
926103997 732981462 1
229813617 882617188 6
482126892 75819279 7
103133153 202443212 2
52496133 453577263 6
667763431 946644709 2
231525288 719722861 5
851864798 788581555 10
102868120 355743631 3
163600382 128214584 10
276704165 42357232 1
668236156 734579160 7
483475187 439951389 7
118104654 862446601 4
259572312 966882750 6
395776498 69546319 10
582182172 307006876 6
397978009 607025857 8
741683680 881864876 3
188286426 864744741 7
861184520 871036803 6
871543262 899077597 2
65612414 813567265 6
490914750 305689670 3
78492847 574775345 4
295022525 713098972 10
629316586 947695644 5
238324740 997622037 2
306932856 481744466 6
707797985 588617067 10
540280728 355857685 9
408826935 537395456 3
225653265 382062036 2
950130286 702642001 10
199468751 28592359 3
479831330 749439677 3
764003058 895466563 8
499453771 766759872 5
608874881 893040025 1
24028380 85119483 3
562059175 804250095 5
709576725 604811662 6
135178532 77229775 7
376374656 918529690 9
86021321 795551770 6
15880445 748756384 4
454674363 394018670 5
329045220 329875763 2
292259042 503697747 7
989475692 630479751 5
120341368 606207437 9
721297073 441157236 6
166847338 341498905 7
229614322 50943997 7
617962872 879079544 4
829241795 157249296 10
244403544 552397109 9
631122581 365695732 8
510631242 652128241 6
930487852 361908258 10
461991075 71834398 7
987278810 252032010 9
31003147 299623287 1
683630860 821767630 9
9375632 668266360 9
218605486 69866313 7
654935484 412324390 6
361633775 494431938 10
295027609 567504445 9
790750979 603655663 4
217138966 716363895 6
324240747 907764288 9
431460428 154388758 8
648476108 898608666 3
601381256 454800719 9
101306714 149803499 6
642689281 813058739 8
520585073 550710141 4
811245863 816770204 3
3229869 934786294 5
357852117 740889417 1
881481788 319387017 5
107479397 765126974 3
133259929 803933010 4
919909542 823849713 2
13384434 818349814 10
556472778 800013883 8
78124022 228788351 1
309946990 526851282 3
614612843 663236343 6
766521525 528971581 4
303166722 762448918 4
499436870 457887486 1
2027916 36121546 8
113271929 701844029 9
151577776 624659265 2
369565488 980673129 2
479969946 52164521 10
805348311 788827354 9
251090395 403478363 2
155602653 446294394 4
599789069 484733558 8
687930831 319513870 2
880697636 900677745 10
186216017 629031221 10
772417102 518008014 6
889150052 877629196 8
74079775 749542838 5
139801977 13743876 10
874746550 104234097 4
230313883 839856210 1
924627497 731893674 7
309711802 301135926 7
506918152 555363728 8
397519741 755874718 9
31026548 830613247 3
934716388 361245732 2
946588761 191236465 4
810583688 344460042 6
978903883 920983349 7
869478155 441757407 7
95848764 805962105 1
564056225 252683658 3
685484303 957531998 3
458052210 627110440 6
377256186 283623795 4
714997899 558719084 5
899353108 159519569 6
738487567 148368731 4
95529112 216847148 2
155928085 222510418 7
78806376 990008510 9
112914915 505014991 8
519636491 549816724 6
465521627 450497243 6
512824762 956114826 9
266569905 504204595 1
911533931 865418604 2
130397177 87405759 3
855726135 696654820 4
242868763 831236997 2
404084324 552944821 6
330291815 290600567 6
198998949 989951534 9
547136529 423168135 2
178572002 866464753 4
834081411 522336801 9
994730113 895981247 10
565315086 197753966 10
872860795 556126282 4
887222825 932034206 8
692707135 234274228 5
920091777 344137645 7
295085485 913087465 6
409485568 599798453 1
271215670 541088710 2
647881113 810296669 10
562005619 928999237 9
35984239 889662199 9
771490934 238676036 2
30701192 182037747 7
413128549 261080957 10
564761040 840459737 4
152094742 470961655 7
302916429 743311030 9
780098727 764732930 2
974097700 478540848 10
576249110 519824121 3
70151229 356814114 6
25325261 883557675 5
256930964 181978736 8
251098718 18251733 4
518270908 940917354 9
274449301 961009252 5
305522453 562912111 6
136694005 43334402 8
891341343 762243979 1
664502146 299228434 4
926467612 991419848 4
688487238 65610728 6
646071535 528607067 6
670347146 474815063 5
404738521 385410724 5
83181929 177327724 10
718795110 525736763 6
359617146 867269787 8
501527522 728898449 7
651381399 598824213 8
639422762 617790915 8
937076150 572114784 10
399711144 884593685 5
708959216 803074336 7
832594631 535893440 10
78492868 315864552 7
433920907 192095102 7
621499177 847359666 5
635100694 930692157 5
345403050 435937775 1
792835515 502912946 6
773755779 365441539 6
12836619 750525744 6
68298332 170622231 8
124802432 847046127 2
867084955 771629566 3
457008210 418477444 5
102130735 480163905 5
579438920 451056685 6
456639777 568579759 8
836256108 911608999 4
622945141 773123727 5
318481890 178885490 4
194897902 343494746 9
713965317 193590986 8
681390034 725163676 2
718684440 85385022 6
825713528 235695460 6
683804420 189787965 9
796169466 309198386 10
491926236 56037096 9
930158025 524134730 6
670399884 509286906 8
9924954 940906886 3
366135887 39394945 9
200989027 649230301 10
284845036 224237024 2
502589111 993087227 6
760242799 353608475 5
597663591 564943204 3
19919537 36934416 8
96118022 163106340 4
684832885 869226925 4
510394065 454977416 1
622941758 721515832 9
671650210 168984298 4
69011091 776922951 7
757798687 846653444 3
726243791 101612602 7
317617433 135785980 7
351855257 834311071 2
459380107 224999731 2
240727660 227279888 6
320340177 366528470 6
142627959 51740722 3
40958726 246315183 6
533470179 532171634 7
793955260 589005872 5
815556754 642425515 10
185321513 166469265 9
491994347 459251905 6
522382085 152195157 10
596883404 607131420 8
886245377 531391259 5
398494629 513096008 8
248088255 673142459 3
797273587 901569130 6
293112274 732219313 10
239495399 444215321 5
776215529 439519643 10
301584514 994294033 2
834756126 531785144 5
775935006 802847899 1
537333062 749615416 9
407531473 907944874 8
581846627 932921491 8
401071140 908489271 3
869061007 13046639 3
446685927 349373227 10
155852191 232387698 10
306211257 501384494 6
978458069 284560889 7
410301185 192451460 5
520808068 209508035 1
684274074 688086467 10
483115814 437745567 2
208986463 969234488 5
506969463 681855782 6
635996990 766459220 8
807703666 55827491 3
557258539 525006742 8
436296399 284346851 10
877719863 305736784 1
899157919 804965273 3
913977601 898329525 3
718351608 88483537 6
875487037 624433464 1
587657954 558884372 1
476324057 436943609 10
992141178 96461131 9
742085412 664604328 3
293657383 972065679 4
685099574 621788026 2
125873415 847384332 5
810006836 882821352 2
746115195 336317234 7
995494630 389545201 8
446977697 676223878 4
570749334 230634391 3
887815799 520353804 10
988373332 573180970 6
567790980 250499607 8
51820260 285697391 5
965439630 674887206 10
369103531 894811946 5
783038817 334138504 3
586828781 511616553 7
824012850 582395125 8
967761301 454209210 6
58495130 476465073 8
190529373 738575771 7
686386888 198965828 2
636451103 649462835 10
473776989 360916894 2
273164443 603315857 2
928670114 113362733 8
8725613 649236566 8
834115814 302253410 9
708578710 293009396 1
656461140 592726008 9
86718164 20498478 9
372854993 28052031 3
409034062 326174318 1
823585844 237597109 4
967725403 138903750 2
93001485 619070532 4
780691646 420935468 5
328486704 272991317 8
161754792 419215225 1
536343722 957513169 6
412703066 925205294 5
496835830 851114306 5
382358674 864220793 5
330543593 924393694 1
492122657 117445839 2
835939637 933919349 5
85594096 341544959 8
607504289 168004639 2
963534935 489164429 4
676047445 839162548 3
596763230 927618102 1
780596637 694364363 5
355409028 284011769 6
483065401 668377073 5
822523835 343210608 6
358345659 673630873 6
879324305 177768695 7
325429521 642661237 6
773305214 164441670 9
503600453 655055548 4
250159462 587234109 9
738109023 1062269 4
226232399 463890912 2
140050273 470641122 8
153335646 25930060 10
909019685 259607442 3
173051487 624578786 3
770240836 356202931 6
49185753 317249327 9
866583353 798354798 4
97876924 682378623 10
553516990 1420192 4
662691164 160868141 1
109691026 749140163 2
6465149 59338852 5
911979943 176034038 9
629473066 255264126 9
936334449 825076372 5
919967736 1128059 5
851885379 555282367 5
845014279 444334492 5
42079369 759694679 2
589043860 81995977 4
774834450 960477658 6
422749557 323846093 4
420164617 163913350 2
768673125 526834654 4
417607289 469889032 2
355170716 840729841 2
642248977 752999909 4
919696649 559234508 3
94950115 608319467 1
371334150 313945065 10
559881132 512223194 8
852410394 688821951 5
560967021 953314714 9
973738673 173617678 3
390872755 69688870 7
950370848 66783521 6
173402748 732406525 8
130144196 442155175 10
480139363 757933299 5
90222295 67075054 3
362159728 815926052 3
534596680 309070632 4
562345371 175990340 10
6213770 295334717 8
268959131 413651224 1
734705088 438889979 1
613467608 574079356 6
347317659 121253005 6
654408799 460484839 9
31699285 923765201 8
815995593 321391925 8
129855982 21293828 5
362331970 441389417 1
184104993 422310141 1
435005029 446304509 6
378881508 340185727 2
349903708 985864412 8
750819392 406615885 5
763627719 15398585 8
42158886 222641846 4
740869771 455180768 10
155210999 87868143 10
125644470 6358888 2
470585150 456902657 4
690614034 899320409 3
720296252 742172845 6
699606609 834720841 8
321771997 64801259 7
526469614 106178235 8
135361007 322508970 6
949710818 755035405 6
738019821 571857715 4
195218023 849022521 6
740341892 645932918 8
170261120 831781184 2
141762516 545588080 3
427784916 475849864 9
793176151 737647076 6
897068860 619643934 8
961729417 587912661 9
75372867 327934646 5
649245233 269560805 6
793765319 381414843 9
141978192 875456116 8
56640942 405480699 3
999399856 395042121 8
885365061 892358833 10
354658276 223718228 4
702252977 800511325 9
780597820 492145850 9
885446422 323774572 9
707225700 615632050 3
682364973 21826564 2
77397359 611219492 8
527707278 672958248 1
651585088 474264507 5
90622917 234306006 8
648535187 511303143 8
22374810 481640796 4
202852777 747997161 10
815716161 797457959 2
666875509 832200540 5
125951568 858630075 9
166543568 895388588 5
77916543 711175311 4
267594461 426084463 6
719887630 734261927 3
9581349 342401433 1
894921748 376253953 3
931019907 492147676 9
373941619 966321531 9
641711742 556542887 1
12049708 925642539 8
253888773 156570502 10
440861056 749446755 4
934125011 378847304 9
976838009 586836942 5
556074204 811205767 4
845439155 627384429 10
301340193 950301996 9
91539783 655588153 4
59180790 915301830 10
574771469 866025249 6
105687589 706430433 3
382293409 509089968 8
319509866 454837329 1
974756027 101946696 2
624352677 90874413 2
544300086 619427787 9
373586151 480724478 2
878346277 215451983 7
91190334 345607381 3
836076369 628035595 3
493750373 794057974 7
683439519 366078526 3
11093479 138775067 1
319819712 177463765 7
222857866 454774586 4
141715288 41149507 6
617077445 398294601 9
341040994 752123878 4
107533363 145657473 10
100178578 148581921 5
487928116 900068387 2
760261210 231969703 4
631801870 610437940 6
317368030 294623651 7
106465872 131886966 2
817288840 727797713 1
624763090 550941820 6
74519414 657567092 9
220570731 541343253 10
424222918 516381274 1
310212679 291524143 2
184627000 173106584 2
795973359 164384891 2
285069270 554174302 9
635383272 208405351 5
759146788 309767496 6
607124171 471123030 6
80135874 260130641 5
530046439 258316615 10
607445213 991823275 10
495541277 51531616 7
527968510 11341587 1
877334602 762472077 10
348761400 926909281 7
141535470 27769203 5
685712441 11650748 9
162883680 469827796 3
59744009 688276239 9
596280680 247216123 7
856919301 935429611 4
209844753 650658071 3
329368020 765823769 5
618020202 781700964 2
911882207 871942832 5
416753694 310835187 4
264338196 311372402 6
612848344 955130176 3
404916301 747694221 10
290375631 781481134 2
456715633 665826313 5
701152146 390919760 7
855297876 555363243 2
685190400 798103826 2
320521309 176820595 2
438165186 620183655 3
869728741 344980582 4
651902217 358444205 9
689599592 835706089 1
100434791 829407508 8
967420540 685583604 8
85356421 533829309 4
65797067 627454905 8
110208285 163541060 10
905555222 288067263 9
943249508 476865493 2
676301810 127580070 8
563647175 613498115 9
410485074 721751816 8
68714595 831468659 2
187073858 839464506 3
447867531 779046895 7
145394609 179906007 10
682778837 613949157 1
112707976 860015093 6
382728530 498566068 8
796942176 205984919 8
767370146 875319401 10
455132848 706413312 9
917508277 488873100 6
855391866 814489826 10
821070872 551043653 5
413754069 483947093 5
30473131 586643943 6
805850552 8092950 3
404820371 470920835 5
985646717 61654990 6
627124084 426692461 1
836135545 982939301 3
345239494 145780614 2
464959467 550503613 7
639326509 126522708 3
937101356 547066926 9
884613637 741342376 9
701320063 567733266 2
658211251 641053267 1
189347749 254839938 1
877008246 734116981 4
483639002 996907786 8
610083124 371191909 10
125953704 426619239 1
457781032 997662445 1
93942151 600247601 8
783826786 412581963 7
921842178 17470138 6
687087861 42957632 9
48634300 28731325 6
915947991 803848179 9
48935430 644709115 6
779984008 560341886 10
125264573 153994239 5
384279200 232418886 1
188118466 246848119 4
663899457 746301562 3
327613364 437628211 1
992956690 696591414 6
526369918 714198328 6
56724626 916142930 5
70698518 477779127 10
958735211 662601352 8
804730015 320698482 10
554562194 447395718 1
461215404 117920061 3
345936110 132245158 1
978159663 585196237 1
264281486 528030230 3
919024183 279950239 9
291801356 259625510 10
537977762 933547335 1
240796002 481503652 7
12238964 335019494 4
282773519 781242168 5
388729027 59245285 6
649270349 211966234 8
148090598 727912402 2
104689518 270462279 8
303218153 230467230 1
472226038 869922872 1
128759645 826462535 7
248904367 497679250 5
457178048 635306822 7
506177224 87491943 1
959137912 986769140 6
385022754 140193946 7
541113598 13301426 9
457429204 528760849 10
624244462 606675003 7
902745401 489362929 4
169215482 441371975 6
928458423 333205751 4
755713363 489288782 6
229334131 574426265 2
478706214 355810573 3
310841959 992457648 3
704145934 764853264 2
248387906 340345713 3
854474218 837385505 9
169755430 43465774 7
836134033 404743443 8
27844666 258346990 1
531786697 620515874 9
559163582 96777993 5
581710535 43621391 3
924056056 150336061 3
602547495 573181158 4
619661343 640481268 1
298787964 631571740 8
162652370 113426493 6
969467649 465671780 10
267081474 302318310 4
872777092 628419066 9
789096374 348138120 9
22757182 928737264 9
498095720 163759631 8
877642746 615805575 5
698579665 220708611 4
785742216 60054014 10
713086717 198349217 8
553662967 6336428 9
797255093 43200312 5
783385343 35031974 5
199902914 989887700 1
880385902 872475696 10
931204010 163375668 1
855758508 80340859 9
872579088 656464211 9
290595744 998486805 7
437523940 309429439 3
429578442 894803554 3
266436024 311703301 8
757247456 950195008 1
913035961 179502373 7
683588007 273837107 10
780973050 786454967 3
282819676 654632963 7
23342363 893507471 1
113227427 663354098 8
25194429 914226064 3
744716754 680545314 5
176422719 764194294 4
465830536 339319357 3
359912946 88751671 8
605743298 343018761 2
303471159 120274777 2
380478880 439701413 2
823087859 883373992 7
969685112 440480887 8
349922370 144818194 5
170398440 105261290 6
835280813 506665506 4
990577576 199820621 8
244198220 991822682 3
493609439 466048149 5
895578882 435587009 4
136105543 283203941 8
366989158 665129145 1
493449219 998550818 3
478634243 626918558 9
561290466 157998880 6
136514119 602187661 6
139225095 861956406 5
672320101 19614659 1
300064535 665939151 2
150146890 336731886 2
890860586 682375600 4
615796465 79613580 2
370104191 379028841 2
197078052 68856459 6
999583559 698727001 6
342862436 377417242 7
728103943 705092795 10
55457602 272008123 2
968762474 557780760 5
112186165 878438436 8
866048322 82787888 8
244199951 75674860 1
530954547 906575581 1
738784506 28536513 5
550419473 606258902 8
380021611 108952041 10
750745553 977105233 3
458663617 851242902 9
833999662 615276199 3
941704160 515764977 8
664729389 149029719 6
636863302 721193851 3
804828562 871304140 10
314620735 486131322 3
443625394 260249181 6
867080984 219162066 5
758795037 903171071 7
946358270 655202475 1
114669722 136301951 4
939295500 108833400 9
583679252 136475276 8
192945232 819728853 1
638480047 892903579 4
504915481 269236912 10
112834715 20145587 6
414127126 337382430 9
266037967 435442728 6
306429108 523467618 5
258248741 736540016 7
982524208 229331314 2
131049171 449009015 3
565927791 250885904 10
391417533 832173496 10
883056280 490824270 4
432989986 252048223 6
345819327 884078094 2
186839849 163945959 10
942293174 57435211 1
423553957 757653471 3
595764656 489571688 10
809249210 102447616 2
161212531 292183473 5
941005343 662823842 3
281985494 316470986 8
193657435 112260331 4
252395455 147044494 9
175679440 699356372 1
630731629 389540679 2
733520931 684238687 1
84452189 903163616 10
815513699 271194623 9
519878923 74568460 4
22762238 868464104 10
538277927 147657593 6
659253062 768078699 7
605560257 737885106 7
443631942 969985718 5
746582813 727040819 7
7921704 699943212 2
614711762 479540221 3
996975294 741159462 4
495827028 493408280 4
557742898 795167084 4
285478135 866001586 7
329758206 812374203 7
9494034 798954068 9
482149598 719290533 9
750159154 384013020 4
229412262 462944830 3
144627922 372853425 7
510365815 165076804 5
932981983 708442377 3
22928549 354906357 8
907269100 38531477 7
415653160 415474710 7
105095746 887358556 2
333368780 339842068 6
437015546 171488110 5
759960698 262027919 7
379527925 86621721 10
662384219 274317586 6
281835411 726287957 10
913953782 514369548 8
245227359 650548396 6
562237974 410336826 3
316426148 692765399 8
58139329 292823885 4
143517797 313101020 5
807823565 671691571 1
899874000 709262528 5
774562842 241438593 1
210745815 1245618 1
774307014 102465927 5
298423503 999466702 1
986924692 211704757 6
978540698 673752502 4
440701768 691398113 10
615907863 641250285 9
793683828 282948106 9
200788664 187895017 10
657924123 10216482 10
247923995 490736058 6
680451215 493696522 7
615719448 128909167 4
394916529 778969997 1
707160831 38453702 2
561932219 401372664 4
500943980 137641537 8
974664067 940791391 8
526885879 596774065 6
677670855 57646380 10
313839631 864872597 7
847319075 380909568 1
981829097 16431692 5
958313279 442979615 9
446095845 794487478 9
546172510 653158569 7
615444802 66832667 2
874875837 124312053 4
273061624 55509779 2
267506377 871536771 1
20974376 336392783 4
630358131 124994859 5
237903407 741385109 1
630781607 150075877 5
549828128 664309077 1
181652191 219758789 1
974232259 589252914 2
319770182 658763677 3
303801058 159150709 1
473047540 214812997 8
389823059 99137529 7
718937292 56265194 6
372636506 644393299 8
289678013 539981099 10
135485714 742740572 3
20385816 228974623 9
254857946 208484066 4
11088077 19470388 2
515188975 391140340 10
117729114 672470715 9
928689530 889092246 4
143228532 445779786 2
112274616 528409544 2
57583581 83586365 8
735086805 698271616 9
71291129 883999567 1
435322794 145687272 2
507585820 763770629 3
174528113 633025580 9
386724296 323764799 3
483770563 808384094 3
813298071 667054696 7
55660501 951360661 4
482321055 335696193 1
273493350 238702992 9
466813487 48139723 3
885158831 722895915 9
69305834 804041336 7
191310765 599012750 9
52333346 333145259 6
792100562 771159337 5
337314614 959492411 4
955662625 958317838 2
238844827 800336537 4
264587570 679654195 3
367869912 649984524 6
260661110 666005901 8
977471431 38173512 1
339531526 993046852 5
647955679 313445931 3
902121264 614663653 2
697926034 210317625 3
502053097 293886124 2
824992454 147593936 9
550082729 462225443 8
874350228 824181754 6
820274301 5347193 9
344287426 793267927 7
530418747 945128587 9
357704027 622434853 5
391798979 679111460 8
882942149 683468209 1
79135804 233315106 10
143949968 249563872 6
174246075 961633874 2
919340826 462513457 9
611790056 630850543 4
932199884 44758414 8
718347707 791072098 3
291341533 401632196 7
157830647 409899140 9
33840767 180523950 5
270008191 279107751 7
230077414 474973795 1
911350491 406674393 8
583226665 789393024 10
117329103 462803011 6
6327777 306588296 2
708841332 194124513 7
346062718 547197318 9
1771050 473288788 4
252385905 99736155 9
215162961 999517631 9
527241355 519680571 1
842124036 484118794 3
47622137 364332395 6
770576992 970945206 8
933769550 592445607 6
18993702 982400286 1
642809338 789734265 8
653541570 983553445 10
894310081 969109834 2
906584549 723310221 8
92421889 843411560 5
698064928 775346885 7
920452125 349342631 2
85140524 874099217 6
84256207 93897031 9
76722503 148575182 9
11939543 311324853 8
331181449 876422963 9
563516137 154436583 3
920717160 924574655 1
585924415 257146616 9
710486907 324615929 3
878545366 695706052 6
403065298 621668047 8
208065542 798115914 6
795418211 243739076 5
223876730 236996544 2
748910519 51069205 10
688721484 86048496 6
603913596 824108903 3
445690722 434734635 7
675928572 539812913 6
319187503 38150632 4
222150358 456442231 7
423471872 450381073 10
758401924 827505427 2
457258859 917787423 7
219818296 694410739 5
667935367 624147082 8
900806247 461911337 2
489755603 825879999 4
779796828 855615915 1
143790973 507489562 2
505782059 130795522 8
450164299 103661620 2
679168789 98402122 3
847472085 775522993 9
254595943 931373880 2
507507516 536255139 8
164386621 815588289 5
605927426 214070815 8
570135724 717397327 7
378886571 183406343 5
31743704 529684759 7
450888147 492906855 10