1000
524414111 993304479 7
635841381 61608573 9
348131343 415015986 7
852282368 842735200 8
681777494 138494040 4
919818419 301599319 4
44430605 904713017 9
814353778 335150831 3
317944200 829959466 6
536474009 349724996 1
587752137 665761096 6
260481919 886698836 4
354668161 458514795 10
130361077 201064308 9
768894085 770636120 3
693300571 563506363 3
293171801 687510198 10
332240631 990465478 4
953106425 384472385 8
684479693 989056887 2
231137406 395966763 8
848538197 368035075 7
148260505 478867854 2
163327161 382889299 3
668005479 653708841 7
657792820 997065470 9
527680927 449592346 8
904250428 94448658 3
85031358 706739973 6
185534640 186213153 10
388074470 485777924 8
215683182 800053758 10
770437941 542702478 4
770396823 980634746 1
719867378 918182980 8
525114653 393562880 5
301834736 139503590 4
478353741 234128882 5
796298792 490528370 4
834354688 384860420 8
591695055 542645189 2
333210657 743007034 10
613527976 845086081 5
820080881 199463602 9
438160997 90357477 2
202514031 522253516 2
638239768 397701253 10
977127422 931255911 10
737290533 574094099 1
312711366 910456170 3
861394896 30000581 3
53088937 612063001 1
982354513 190339201 9
63959478 998843357 8
738894268 529658640 5
836349962 633814480 4
199144497 320987485 4
627603312 361564389 8
13241074 919754921 2
311928311 692140729 8
301100583 468372184 6
896986127 151053795 6
666124241 317131882 5
531376379 25569070 8
468395840 7087329 4
551105366 823362589 4
908673862 140031780 4
620594663 397871040 1
172007773 251209832 3
690369220 241647890 10
518732109 851442200 8
306054168 233575505 4
294053524 663038471 9
875269177 446172747 5
955285573 26667736 7
563634472 673857969 4
828467554 923711851 1
782126298 253325703 9
337557381 223290340 3
254441733 154821799 7
972351607 303805963 10
35726638 809715478 1
277319297 115276544 7
597332192 471902718 9
151150696 227327750 9
38219423 780203489 5
210392827 827222397 9
239420869 622844304 4
29190824 528554469 3
697176450 961620275 8
170337738 363323653 1
737866615 987458129 3
926247274 463968013 4
974852252 611035293 5
432850561 238684011 4
143892483 181553295 6
987235023 450060602 9
420315301 514540224 9
125394811 264464015 5
329967488 895373149 10
638021267 386752360 10
457855013 675854035 7
585047747 239546795 7
692064693 208659711 3
153191319 979700305 2
657751711 591010877 9
759434351 776923163 9
808837521 608719112 9
192316932 489146931 9
425335246 101608351 10
979677972 329577851 4
600547749 253499773 1
618571446 996583192 2
101821097 417336826 4
913440815 870323523 2
66967096 850021434 4
437317944 227860751 10
636963043 307209210 9
867522700 754547833 5
574554851 445941192 7
995326735 199921556 3
338936234 327873413 6
243319394 185501256 5
631355219 951318123 7
214663537 560426981 3
582301463 905931896 6
232816899 159595324 4
500155943 114013908 9
429701260 90639764 3
44959237 23993541 9
892270463 814453394 4
869808394 957970413 4
358912441 36859 6
318414735 854729951 4
389323039 713349923 1
978466711 352989588 4
754841514 943375379 9
678136410 180532771 7
45637942 687867851 8
905563472 322825693 3
238030832 717511018 6
768199553 43054823 2
11310605 597582315 9
292466889 808677142 1
161014815 830862599 7
648414048 869933155 2
848021449 584265076 9
822305555 854248864 8
810816636 746172532 7
588088197 571934548 4
533060537 932158948 9
134002552 344148919 10
771337345 920530794 2
281862536 65934353 8
669198082 670993724 6
263542249 914161937 7
192958192 539406912 3
415331551 753651204 9
944794071 665409850 1
40382342 494264981 8
171165925 387816585 2
585251147 888620782 5
886134333 448013950 4
527919121 338879820 6
764127037 422000250 1
420351934 55754083 7
678006343 985664906 2
340975382 265051843 4
867182785 827389311 3
174861202 336219691 7
156819010 24833299 8
358280144 199360733 9
360369268 583746113 6
474399107 770379218 9
778449273 553037142 10
323324562 579126013 4
785016068 208613790 2
930990724 491074987 8
387510280 38202648 8
884367804 492480890 3
677022873 38468801 5
749763228 884562827 9
61231352 510675540 7
46514906 562882364 8
847826824 253228766 10
527123828 298012528 3
305719180 325021562 10
245667122 244954325 1
359196922 794962520 5
533531327 670016290 3
809237187 767911883 3
187574114 716974044 7
618514399 759120195 1
449788254 514516960 6
685613432 908847383 8
451361834 323313022 9
726757535 444239549 2
373592981 852226295 9
118805385 692378323 8
826330271 294465054 3
755851459 879884773 4
636047562 25144353 6
884644286 565388026 4
946417140 817177298 1
570839146 515935137 8
341143985 782272145 1
551067754 601604580 7
839070631 832826279 1
871849762 840368705 8
651753345 893787609 9
679573438 415899913 10
776538126 531526276 2
981084676 928934418 5
211838918 540324628 3
382258103 817401652 9
427555347 29906822 8
501403795 497832167 7
71599392 168476372 1
79300068 461372486 10
223909664 317554442 5
697459371 16417011 7
832084506 297160346 9
525957681 975806531 9
635251045 11725571 10
75776648 524385480 3
326530841 382337613 6
211089593 373678248 8
684676796 421856331 4
221467987 102114250 6
187516819 575080493 4
249865946 28431622 8
398709027 381586245 3
844399395 552732323 8
632217132 174875393 7
841895452 345489691 9
234044545 258952640 1
3365142 553817744 2
999746636 124649251 9
699816715 840120594 4
698783251 176625895 2
383581086 997631302 5
717425197 975495534 10
852059252 586324287 9
12820290 95730250 10
71335054 64018031 2
185923779 370312731 9
858952419 830073844 9
317699304 674638569 8
407805342 945188235 10
577143184 30434542 2
163870367 472706388 5
151439131 531900966 7
756376465 770442915 1
682083865 187447439 2
54327908 390381883 5
135241951 13287983 8
305396968 491405241 4
335850592 424579638 5
353883222 265868264 3
441246764 816916009 7
400421478 697411781 4
726595447 645328810 3
522627224 363056604 5
364904512 477563467 9
52296367 766620588 7
506367753 435558145 8
458211303 171137743 7
85413229 899686868 10
377093664 839831657 5
612384383 222749046 7
819503265 310833035 5
596066802 326711310 8
188267680 640418422 5
400254575 459494568 5
316620131 472255497 4
775310627 248626951 5
908967563 497252543 9
287842874 264691518 2
629286220 563225779 7
391912157 223496471 7
540878914 460025634 4
961363347 235862202 2
553630132 848732222 5
530997632 873975129 6
460468490 523974490 7
546911081 266810924 6
210425551 874435748 2
98432340 908205130 1
883631544 276591623 9
804374516 142884458 6
351198045 515124876 1
511549075 585495428 8
842617544 361093600 7
73339341 446501437 6
607271093 631963775 9
686074131 476375463 1
657148264 483474134 4
788898439 259293993 7
291004123 554160262 6
813799560 41158033 10
452104639 33771336 1
922194401 66778901 6
56910459 485174888 4
415060757 115799635 9
723283374 928173589 6
317974112 447355789 3
284727774 305529180 7
361458046 544843572 1
158690604 9790201 6
596464554 566995520 2
525805343 108291150 10
142927607 296059251 8
415759279 492879706 9
704511038 266938528 2
700418147 200161920 7
120744880 871864545 1
797264617 705177641 7
3673955 345342709 4
822974761 557300845 2
139393135 550716404 10
425977782 181536110 5
172552429 566254880 9
545825441 955696297 1
567723551 353777853 2
477514660 321648530 10
470863554 52963022 10
400897756 961475903 4
981131798 388808325 6
358528114 986803440 5
567053547 340437204 2
276499519 126148659 3
55884861 735333628 3
443178105 726838784 2
170752708 812380085 4
348764 209148176 10
205423593 655567313 5
540804685 291370731 10
88859933 445458113 10
803643184 783461249 3
183399555 995465105 10
50460290 862139789 6
787051239 36162305 2
772018275 219632296 6
31747420 24579009 4
921535741 80811629 3
747320767 641631260 2
128575745 896288141 2
420649977 678264681 10
557543532 953932434 7
222404796 781601278 3
174867602 766710790 8
460397146 857354796 3
19196058 444104674 3
103687381 414650544 9
873783277 300838899 9
859202597 666424600 3
875732381 969508738 6
150842971 278303340 2
966333654 541471733 3
319279114 867085905 3
463127850 689120861 10
415952244 947568223 10
284190465 268201436 10
793869951 379145466 9
132235315 189858258 8
99444401 829472462 1
68800901 399630969 4
268945378 599597757 2
303947425 104491583 7
915774240 688679941 4
481482714 501622392 5
760784904 873398361 4
61401581 416702146 9
420721554 998082085 8
43942276 170865220 8
25131346 979086537 2
18299113 389115582 3
804558111 232172229 3
325508573 146071538 5
690039834 50498143 5
627311804 234436566 4
909034993 445212152 7
74742206 356131199 8
103958337 919445472 5
73428253 919948206 2
138810979 17354818 5
294748941 51495 1
390134524 557375390 4
973562313 591555069 9
758994757 439964263 2
217103486 38671862 5
863675734 79869960 3
911660123 194528672 10
402961489 928439503 10
811063947 34225969 1
578528245 389620699 8
406893144 845860981 1
471032896 759537793 7
513800189 989537640 4
548557979 672151992 1
768564629 626619406 9
70333251 339969258 7
77952477 752909320 1
279089678 428025849 2
729313994 914736711 8
261963241 130734065 8
352105910 897645947 6
129905338 986594859 10
74342889 283132873 1
768857771 810440631 6
308428043 493835528 2
313239150 743173200 5
953263032 700902055 9
608369034 245968775 1
320885905 964560080 6
503508491 256323727 10
916218666 318187779 4
930971289 79469171 10
975305372 517067665 9
264468195 612050919 8
102758509 284683291 7
986962376 734108859 1
501172992 4171353 3
589310217 581224345 3
485090029 208120363 2
961885919 957753682 4
424680061 603968802 10
884926944 823711689 3
240822512 943770061 1
708597272 843274131 7
91278460 5814591 6
445272783 296014018 4
205842402 6565397 7
613864472 765879409 1
189564824 118868917 5
940777515 615922933 7
17477929 178404323 10
131466133 996536233 3
732776407 758314281 2
73963219 357322262 2
402569091 191918185 7
77222484 778383298 8
746156197 123736837 2
143167613 676442637 6
61270122 325339293 1
498832967 902008654 5
291326816 79574667 7
286562826 590628565 10
247165672 200284981 3
977445986 643913434 2
987415809 621106162 8
694632660 108786804 5
589109896 894402290 8
433743692 259763987 7
72235196 789619404 5
556207583 699419650 2
125047344 545713602 8
238972860 434988774 7
889256901 108075173 6
763760186 731849326 1
89400672 944913781 1
622660427 161800444 10
109854953 559674896 4
962981817 125470570 3
403779656 622137557 9
815008155 960103809 1
123179609 561189219 6
812614852 173068868 10
757602662 939245377 2
912439627 650789125 5
566933523 459552115 4
526629753 94358557 7
601406900 312983485 7
419765034 268861021 4
992005356 466246320 3
483126566 253248468 6
539769615 673503281 6
321758280 492713570 6
494516352 878497631 7
366852297 69432054 2
474994115 141119480 7
345951125 16330796 10
424335387 459337493 1
589450120 717630867 3
31154628 218073019 8
986135092 398071531 6
395357636 285537384 7
936481533 707476460 9
342081358 788191934 5
454176026 732152302 5
617583857 865316222 9
637015126 153820624 2
780763084 542260342 3
954070950 499176517 6
239710839 350518097 10
20701649 942841144 10
519764306 816701217 2
625184281 874756255 3
235799128 449821574 4
729187273 727559943 7
947485980 691047326 2
910738309 941655818 6
688026189 469193058 2
353722019 523421080 2
634633681 990060295 6
890149865 608789819 5
692619886 925803910 1
715473189 913016356 9
282544725 397569516 6
656256591 327267577 8
192223588 318065364 9
116114813 510742442 7
269467798 801116394 10
941838504 370316015 5
734380978 743317749 2
599833410 349103416 1
954177851 195253377 10
190207773 505515944 4
119547103 8719738 9
631440571 289383374 9
340078685 143809324 3
343270739 752868754 3
139170415 133977924 8
962719731 636220843 1
667118411 3037017 10
312888586 452097880 1
663588697 180235008 2
116205142 204682440 2
404986548 800245131 5
328704103 33043010 7
558382855 916662092 1
52797689 50785042 2
104661931 824473000 4
251518922 549753337 2
597464201 158621804 5
959954000 268971054 10
511933357 247331687 9
717613408 238091378 8
696602557 812465251 3
75441161 473312028 3
909772218 817800171 10
391401788 692117656 8
502801131 615699294 3
509606324 383841913 9
646137583 592948273 5
176367091 771564202 2
576809355 508738081 4
628921743 943904360 4
833492818 930215832 10
126311871 544165203 2
317928431 30895712 4
81726541 911433019 4
335198666 723935074 2
894875087 531974496 1
27294803 83358100 8
492471644 920230848 6
674451654 252339509 10
723028910 370974906 10
171789163 778123483 8
366762998 983277430 3
2566077 571406201 6
688570253 962523525 4
673379104 977797912 6
532132209 621455502 1
531725545 466660026 10
732202238 329907809 6
686750155 537254929 5
574918036 286825308 9
216313510 48628827 10
391485418 404628430 3
478630705 408465341 6
822624310 358645307 9
864688841 859787929 9
497839069 82106696 8
705881750 425017585 8
457699113 660411972 7
264633355 987590348 8
540921556 55286874 5
311836128 914637756 7
48835424 395058910 5
860277015 209157867 4
490597441 161984991 9
844145112 993336552 1
659188484 360376333 10
875948329 784472131 9
148536717 561437591 8
787051330 501648147 6
798665435 555704242 3
359173991 895396575 9
111335433 20325396 7
392939665 404856797 6
241496541 2619012 7
760631235 176177156 6
830872391 442232609 4
691009662 872359537 2
520543025 99792653 5
353160231 507336641 9
926186253 221166346 7
222363999 464231598 1
439542810 413742798 6
477347123 76205269 7
157267626 171873696 9
123370137 131872681 5
112320075 78498852 6
972016269 694344018 3
940199241 425861865 5
921299406 606529586 9
201594120 320086235 3
327731586 21341577 2
475801964 807474724 9
858711476 143466883 3
459368171 432423939 5
251600657 494604979 1
885858500 701660652 10
25117255 1220499 4
577328367 978488572 2
867104587 562086757 1
99101541 760398805 6
664932363 939253307 1
180618048 591988580 8
60677814 671948407 4
511131222 109106047 2
350051147 653459424 5
423343102 497241542 1
378603519 655921684 2
929811752 629109630 4
375085645 910929585 7
931821075 455757602 3
410677522 288846530 9
829481731 618585097 7
407403150 236044543 5
729826174 598530886 1
937131204 609856620 7
374010683 392104916 9
773443801 744051612 1
387273238 934480523 10
162169776 264737264 2
924648760 122847817 4
432223908 620467120 2
177217222 710874398 10
913594570 759407555 8
415142653 378105530 1
708080529 13280831 9
372567186 149389557 8
350555563 756880989 4
944316492 273117335 3
165289022 690801090 3
146315390 29733058 4
263101555 427821758 4
175973255 213925166 3
232370601 636794028 9
219373664 503605101 6
921129919 121570977 4
833684544 213765373 9
742030260 902056717 4
994111293 230134618 4
359133048 304610012 2
711923097 485473526 3
339091051 115327421 6
933012395 789181987 3
320631480 243776251 2
22369547 885768325 7
689882304 230459933 4
170866024 135920515 1
652505711 622540472 10
785696078 211321868 2
343001620 123739932 1
372952993 456415906 8
432141752 92390812 4
207839182 149200086 6
794505679 66317797 7
629331479 28797574 9
314968073 819444395 9
147955605 237056689 3
24089715 849735600 8
591019071 148764124 2
165884894 242765926 10
367099535 825220243 3
7750618 287762224 9
717292383 179075786 10
640429236 573313506 7
326161689 797163822 5
263921680 136007480 6
583552244 57543860 10
536248020 980182007 10
958367530 292215085 4
57399188 221404063 8
898241840 778559214 1
576040474 750258201 9
465689919 488576253 4
808256564 104631637 9
809829512 917651212 9
322399 201005962 6
974019757 267218541 6
364877359 416878176 5
642577549 239273324 1
521819412 563650095 5
527166737 720547217 1
845166287 156708179 8
160051053 653369521 4
755879180 760995277 5
896618307 504241338 3
4623699 476713116 9
327135949 353735790 10
30365623 15248895 1
617361752 497032262 3
942217226 143458030 1
587124383 95144465 2
476730580 836815473 8
51645578 518087708 7
197671865 707862394 10
677605194 255004809 2
616870027 93829341 7
666799524 683945629 4
663960101 634095924 8
486353746 665633148 6
39817652 434092345 2
8677858 586425631 10
438365928 667541968 1
640090126 404318413 1
631683459 550877197 6
949254169 580727660 3
447033846 243894443 3
176838740 321887920 8
928001172 869324552 5
216916931 67272452 3
520064610 504353793 3
641616778 570886734 3
744781888 966322483 6
251371680 477863782 5
815015040 965392902 5
428458924 959748699 5
174123092 190222604 5
33848755 414323016 5
311681783 314631275 8
788860330 813477036 7
230201911 969166575 10
275864627 304536817 9
997980837 61110778 2
430682420 756675931 10
382518941 931084194 2
644454426 870085411 3
338677554 374509509 4
896724470 365208536 10
776088346 539123291 1
955848735 475877066 5
369427539 759723780 2
971099434 853039033 2
170263480 565457499 4
589188072 232547963 8
454646339 828148417 9
516306771 979493799 4
436000408 893971256 10
237799138 907794453 2
470199359 140124754 3
54389783 619917659 10
947109150 405488637 1
685015474 41093714 1
896098489 860145213 10
728917882 858740534 8
972958928 857959531 5
72364161 557875746 10
568088447 494629741 4
99991047 497977116 10
45655367 390191116 3
700750645 61585974 9
6733258 385890597 7
154226060 219806593 8
668996658 556473216 9
656903863 215211042 5
958323158 863066587 1
126418811 748304518 5
275152996 42907799 6
875387950 657745526 8
213148814 487225627 2
434370058 415347548 10
603436776 622902280 7
309522101 595767065 4
606755527 543280756 3
913204077 257953001 9
758397377 369184089 9
770907463 206556969 2
363807331 796874155 4
364802992 169037623 1
950708234 203058449 6
2097267 893201804 3
803605719 564093053 7
835588912 249040505 9
390190537 930141600 5
301720952 690104968 10
649562491 242915666 9
386743394 14075420 5
706476193 732436607 10
383602196 979454278 5
508721466 388091224 6
860209278 368601779 3
582592198 400176880 8
767602598 738294259 2
161288604 236349438 1
805036043 798736163 4
136324982 336471254 9
172618304 445623739 4
917438522 246726681 8
398607928 900788366 10
772785556 519478791 6
422524255 77240581 6
926552005 916221306 9
414076990 694625568 9
323969638 638228844 6
920238004 459183504 5
77707217 360793706 6
796518975 179921254 10
90850905 635214268 4
548606466 328634779 7
33730292 955053253 4
214182150 814829864 9
889711245 209299191 9
214426394 875474160 9
63035295 429093897 9
545480284 108777648 8
380454565 853810482 3
948472113 285687290 2
46068140 318737177 6
355427163 413215963 10
484739057 304633910 2
849079296 205583329 10
896877185 278854295 3
712075024 541395848 6
538243585 389003219 9
35095704 78374920 6
981140073 118418950 1
637055964 463683980 5
218878556 322389464 5
116515014 435949140 7
890869918 237294073 1
429252936 749500906 4
858635169 773219706 5
416487651 957388249 10
544851580 494224886 5
425352067 325808371 7
651375654 948373294 6
191688860 544540635 6
699490206 744659426 7
511575949 798914507 6
831061294 151344694 9
269925381 890937531 5
698444629 703532294 1
541486079 84423327 1
13312230 395195025 2
904553955 349726261 4
384396156 676252340 8
396605839 159250819 2
230012286 96815274 6
188182806 373764220 9
340899349 21468181 4
357429113 310851849 7
10404928 728866675 2
825522422 5851444 6
964196427 369310187 8
873259629 238015245 7
149204552 610136425 1
40247921 689628086 6
112538615 368753751 7
440894316 642543743 4
823000120 589157075 2
330812321 331690651 5
294124502 123727051 10
585767963 938413325 2
954152741 962718174 3
71255314 338925720 8
669899494 361594511 9
459851357 239416949 1
783709568 785330949 3
235158335 966884658 9
566067183 465286388 10
826746525 991727899 7
733857089 312541151 6
927608461 968939803 9
944706161 989705463 3
356309778 720680184 1
927403715 20759579 1
182706979 929537316 9
719639928 558615973 7
229490569 58813103 1
96271658 660859045 6
256122376 543766356 2
5036859 581605255 10
207763499 983320075 1
715950425 22954281 9
517650773 734106233 9
900958190 256190939 6
340695330 297530277 6
371825713 407103094 1
80404578 703509950 10
768456192 78232791 4
670725185 786161008 9
851870576 935137292 1
138101692 363341596 4
844490881 873755714 8
358823611 453816928 6
181361594 976344775 7
477230301 249418815 3
108282383 82476834 5
460387670 817076422 3
921744203 775073320 5
533132492 815220752 5
643461796 56450482 8
861435799 461203652 2
922145224 776862870 6
457548410 571174211 7
816804671 450665893 7
406807317 890946627 10
820485475 388081933 3
201567713 25293752 5
488983744 361443676 3
357020500 346827607 3
674601714 13082736 10
417371911 218280993 3
593839695 480573416 3
341078707 337764968 7
314705988 405413753 3
185256999 894022077 10
752207625 128739660 3
815469226 393710412 1
896925210 384903306 2
183611117 412096578 10
686271559 688047341 9
444278380 661758438 1
258647506 760077707 5
424844492 631379702 3
990656942 386380179 3
665279862 295724583 7
803673951 267280472 5
892524430 672429875 1
775273662 787385339 2
73020437 736594523 10
119005142 988322107 2
573627661 311810941 6
316328096 625232064 5
409498411 124990889 1
421644887 882158628 4
141641031 318957713 8
201649962 679713353 6
572860878 201509179 10
785927654 158352815 2
203978646 330496462 5
717463298 472199720 10
865434135 302860582 8
116846456 777997391 8
101735569 989936727 6
281793891 361544139 2
730450931 369314429 10
787567236 862906715 4
129821384 352222420 6
766461864 568232069 6
15247859 153410112 2
671813748 814690240 4
464065888 165755473 6
374396141 190930794 8
801021920 479031093 7
561415355 979308383 3
34450570 173999958 5
827685530 37357047 6
307810729 3473856 3
226369780 38603972 6
208352254 175869064 6
951752747 708324563 6
243169751 642944187 3
690178853 96916400 3
982238637 5402516 7
985045440 427938830 3
564687191 907204816 5
573908205 6895499 7
136837390 549688953 7
497677053 855633710 6
305001077 998470605 10
622551594 479801819 10
148829630 150536484 2
169487835 530452340 9
268861281 534392341 5
759713247 212469083 8
825357468 288317851 2
314136274 886571401 3
268206171 848178830 3
261820353 784216342 7
199017560 110583759 6
822216633 15487459 9
524532343 96936765 5
660020400 649447045 10
247774687 328773270 8
633313244 436246796 7
413950985 463717418 8
308268424 896978333 3
830081406 728495288 7
480603805 966912431 9
805235221 863424695 4
752930101 91465304 8
152248323 530271490 3
851084578 15906491 5
890932092 350203903 3
148696677 984630236 8
543073986 29336892 1
344214652 276014060 10
652105346 265233242 6
84393925 27621366 2
447136877 914401817 2
796654657 178932304 1
334862777 49083573 7
404851202 349824061 2
935890228 528100235 5
271493985 434606753 5
274675656 821221958 1
783054541 396779544 8
325554669 832195287 10
834262121 789403004 3
395385240 876869847 8
234128619 631006416 9
363907368 952691789 6
351249327 20776854 5
700266028 724300523 10
157432043 523987947 5
514972932 70087325 2
371861182 137922239 3
326070888 969286546 9
946584360 289735288 4
288792595 770001531 10
956169150 594377076 4
106677998 990338389 1
780961171 24922374 8
683354729 128406201 9
806710956 166767237 2
91023672 644752563 8
312204149 552463658 4
85369807 800492901 4
261559662 444354034 2
297006919 1603882 1
926591391 951477239 1
901832910 739534664 10
146002521 143932065 5
235045102 58886087 6
23729081 678831179 4
391247579 705864019 6
42588553 56418142 2
377153791 989070259 4
442502070 997236240 2
497768971 120739128 1
529377102 98475871 5
544659939 376837968 1
703706301 397766308 9
435524984 219275797 7
295151281 820814164 1
981694931 555628851 9
29327663 459893460 7
806215627 161484648 4
235050383 707806314 2
120679515 261249106 9
394667879 986461776 1
321222005 574219239 9
197254862 756242459 8
893288816 19232509 3
773674503 290843836 8
883445778 538338690 8
487426316 512982737 6
338006547 59430776 1
402519589 703486805 7
607332415 476502025 7
639895640 580720244 3
10308283 924592155 3
37531201 14245934 2
490047591 903362453 1
912707092 979451724 6
858185625 253760273 7
768652876 948999309 10
273202886 904840608 9
371224581 700456234 6
825190659 833693839 10
966527354 666778965 3
524226815 690553075 6
656620905 298378256 6
428974001 818628020 5
52756759 423805621 1
553063580 625108154 3
706958947 785171251 10
110687044 651035814 4
965628773 593113905 4
63835081 805776008 2
940761731 910476499 5
784701968 466693955 2
809080272 887407365 10
711784220 970589905 2
327334679 955318586 9
49424069 138380308 6
117182730 458648596 7
992400321 541669739 2
28127580 349187 3
302580817 404668005 6
499503832 249046570 8
418229423 16772978 9
498076348 301700483 1
23148050 634724805 9
656134010 798273506 2
369671406 536152660 5
290010899 668777739 3
72372652 292470976 1
33754519 300735737 8
719681092 770852420 9
807244298 150340337 8
202443505 19566055 3
254029431 279490274 7
684848557 67052027 2
765537461 312660784 9
779090205 472294927 8
324323627 890160311 6
237174619 940942273 7
233728443 283411496 9
799258902 71304538 1
491236080 370635376 1
270062276 94223192 6
38408693 358677583 6
913470898 625894632 9
457072137 336454230 7
552309407 918609937 4
37879527 277551317 4
83864015 109562812 6
741030017 376101626 10
339989137 66704874 7
550400404 28417688 1
41443907 839878877 1
229032326 660122904 8
395586344 326104771 8
481706961 765285807 6
230723797 286919325 3
639190370 716347512 5
41453042 551420154 8
191787714 82768279 10
308542702 23568603 4
415175622 91322062 1
431256812 784526144 10
189842797 391160168 10
816557 227421614 2
500841015 503803027 1
916687725 937580878 10
426127097 194045887 5
683815438 582383180 4
191407692 647906280 5
363702874 200876597 1
977269881 821268806 3
415455924 956203365 5
950966963 82210107 9
158259348 959711723 4
582724331 139414411 1
808972855 655006368 4
546742690 388967752 3
119270132 842794918 7
937822951 942119659 4
425929644 10886311 10
751933338 930358318 9
849729612 137197122 2
150553344 337543102 4
706667104 500562162 8
916479278 902853220 2
853140507 963278547 9
517470681 207877669 2
461554994 477610821 4
17605719 336579467 3
794196403 541109985 4
504885185 375565666 1
419872295 578984616 1
617213656 447241949 6
992076413 361890545 6
155293790 36028577 10
417260021 796134997 2
146859365 730207387 1
469410640 340335758 4
418468431 367615017 9
790446246 619655129 2
185896436 823059573 2
792036121 432267766 10
770413228 254708002 2
291059859 114217535 4
569683317 496506522 10
23104596 464350869 3
99438806 552740138 2
466046119 797883060 2
183731716 376196465 9
789206514 281732540 7
735966102 850826654 5
716063425 989022217 4
549960653 659826505 4
735080759 767309746 10
980103800 919603352 8
843040489 348069938 5
244979581 972126551 3
272767269 730468529 3
321689830 936204100 5
463744242 306273223 5
133018417 494131791 7
692300805 966226418 10
846306062 596146093 5
641721493 875651634 2
342612830 246919030 7
722252580 271658093 5
529327665 573723387 8
796829404 578078683 2
397475857 873418834 10
198293667 80318420 10
261800840 880841136 10
800198294 145481611 8
914546635 172506481 10
22946882 504459203 10
202467076 246490556 5
237704332 945219051 9
4224430 984213732 4
118549087 998427821 3
169151130 144098856 8
763204394 884592331 4
359333858 385211728 4
405765104 953451242 9
327211720 812198665 7
512772813 519443267 3
573791582 684507602 8
761963874 258968419 5
536619560 232214424 4
56804243 15329580 9
994207872 615252937 1
308723376 115647936 7
91655564 517255867 8
753586397 373467835 8
127504318 539995722 6
16005062 590501402 7
683667439 802146786 4
468375970 328898165 1
661424087 621798647 3
403036759 265326826 10
243862633 4076857 5
879449725 534205708 10
675407488 127543819 3
778968982 947981170 10
131871775 697682483 9
9749449 741301834 7
867544843 687176301 10
870799047 573939036 10
575094062 251721618 9
131976703 310111051 2
806559504 201401070 7
340368870 665165129 2
956874431 349610176 7
91938568 97393159 8
683466308 715420563 3
68697912 933336785 7
896832525 326497068 9
995483202 138826373 7
910119171 545160581 7
34344793 707040730 10
812296318 5745425 10
194116487 615605873 10
463150838 74475705 2
557634611 143648651 5
828249527 966402297 4
20152332 714044994 10
467997659 480159785 3
826002181 888114724 10
851954257 41195729 3
689933936 80706889 1
37388396 636458940 1
932859925 19508752 2
309312138 941414279 6
480892090 876525324 3
6429280 461212557 1
278173413 758375312 1
381835046 960691402 5
344840128 528991944 7
320742364 220595456 4
202163962 358469639 1
50899384 264180464 4
55248732 327909455 7
639958924 207255314 5
267131971 795596463 3
91849949 701125159 7
730076178 488386781 9
144570454 382803980 5
434817507 828428394 10
57885548 756719313 6
449150057 677882890 6
334395123 655527980 2
188742117 884458900 8
214148472 45908967 8
49068153 308138503 9
11266241 270515441 6
581158928 706600244 1
719193529 636097106 7
745082527 577101077 10
8938293 251041748 6
617481253 985312636 2
369940919 801741046 6
421113584 361889047 2
580237960 836770935 10
517741714 826457198 5
178581767 674211595 8
448777340 214189638 3
2048706 230391471 6
609387730 492607284 2
886934202 828008203 7
743702636 753593650 8
904419418 418040189 3
303221856 500707200 5
451521970 937346215 6
490220843 836445153 1
640166898 438113181 9
102325908 327386826 3
231671564 269036905 9
158337459 777488276 8
343203042 546179071 2
126916790 810159016 8
917781804 230278465 7
760641473 89546362 7
360324473 256050767 6
499517011 719704088 3
395985073 98969622 4
790387126 583782892 10
625930604 578248594 1
180322380 154978075 8
276961891 36637461 9
784590885 885989313 4
580409067 691301337 10
531840837 59468613 4
690604278 822969667 6
830399777 822221793 6
397476820 769628382 1
12768518 742195727 2
356846847 888586530 10
824289136 636099959 6
777702978 278033266 4
773463803 71290373 1
118386598 882526449 3
359538664 952209699 3
181012097 703580888 4
515700777 785637065 8
303848622 299359617 2
62716726 279104741 2
491287775 393829188 7
723306164 197354767 9
430635312 242156999 5
996251040 777293297 2
239644418 561294225 2
279915053 808373918 5
40430101 553934972 10
44274001 825960282 10
495461967 636804849 8
639405898 563690113 10
800921836 567954897 7
438531929 537137686 4
594772882 977886065 10
237756992 928972319 10
187542927 63442045 7
362253297 66585753 10
214917731 563900449 6
499510516 362065792 7
641123175 408889350 2
135589511 228488029 10
437971800 217749 9
318916510 336721294 1
508609836 385076952 2
581629595 997720267 5
255850464 907005423 6
651971491 384807647 1
35532519 673521277 3
224734575 533920516 6
118648941 296290603 10
998092697 220185387 2
274410747 290668772 2
954298275 786084344 8
264667680 12959204 9
574802532 340370935 7
93285407 846822424 1
908975650 209113221 2
985425538 357923748 9
928941013 4355751 10
641047018 120574715 4
330890942 738185074 4
126705637 558564141 6
938171230 548103069 2
82362401 24899958 3
380871412 250173147 5
377083463 596255123 2
378421225 87658059 2
172279822 197154419 2
468425772 981457541 8
640121520 489948988 8
969045975 688010796 9
244702448 750153106 8
721199871 49044512 9
952707724 376089153 5
282642725 883257807 6
848559669 852993323 10
259567740 217034246 9
307684361 572078482 9
475539907 592050528 9
237115273 625873444 6
14312928 670587196 3
481034267 55993279 1
933659695 726768215 9
860808918 101577060 7
261443341 579792744 4
199265885 707984861 3
623367829 571091262 1
518312494 394678277 8
60777794 466141886 8
505706530 740677333 1
769341315 277733969 1
573141855 677645320 3
683695533 327787035 7
781154579 92737022 8
423178666 756327341 5
522006375 680440058 3
265461749 876821084 6
124644687 690433361 6
718640104 804207040 2
694354419 775629538 2
645978188 524421678 10
396240637 520757041 2
244488234 541252478 4
263442713 29489463 9
464541329 102992647 8
404473199 891355322 6
629651750 104383708 4
230155233 929485572 10
375804819 304186894 1
840214313 391423788 10
798534737 601445846 3
694808112 952629441 10
461902164 564332062 5
13246451 909109374 7
809780319 123093554 9
569324243 183873508 2
888274915 736586469 9
947332716 138508202 10
486506482 623436939 1
867039734 682420074 4
392745189 195897016 1
298494130 818230439 9
71506107 281307213 8
106671026 655571627 6
437958081 429212470 4
88380343 936900450 3
849168474 574753220 9
493689686 36719480 5
799775602 77362334 9
167147756 571984439 2
286093897 616230212 6
224094323 908622845 4
101937158 399500913 10
715996772 978190148 7
755048426 975177663 1
44892086 50338361 3
601308105 54854779 2
903035861 229763151 8
657790116 322971422 7
960209627 529160661 3
915502962 342656590 10
125427308 406675616 10
818886597 396049303 1
277505072 282087696 6
798983353 422816226 7
13280001 181782020 10
761086173 601611354 3
205533393 510686638 3
552610311 552549359 1
349024045 97309491 5
592415067 922781829 10
49762270 77611926 10
262581770 452568453 7
745591769 38277729 6
497336871 704087688 6
671952197 359664893 8
635021779 75151369 9
652412225 908020270 5
74200982 637248941 4
265916087 705455829 7
617737449 154221646 7
296087617 172051401 3
644239286 357000041 7
53905909 205464951 9
362937848 722578409 5
243116237 193504208 10
947292115 536531509 3
92693136 903898500 4
45594487 248513486 1
247538802 423087809 3
65382559 598984512 1
936625938 352805882 4
834833511 948165908 5
419563144 765854371 5
381887977 399175106 4
997393256 638833205 6
31566496 437276731 6
825596450 84700070 7
735617556 714542108 2
936540735 917135379 10
958731012 233041095 6
402744395 3226922 9
102518629 1549304 10
502790745 990075683 9
597813713 60136895 8
448932583 300208363 3
957450672 979198380 6
723747219 463817542 2
22792444 585441233 1
991999113 24480288 8
723040967 431364984 7
456794558 123393584 8
371673003 744894118 7
447330807 71489041 9
108481234 913671551 2
161697281 614042450 8
445126654 675073283 1
51810304 104602878 8
583763726 107186725 10
203957234 891414238 2
127141182 276342034 1
162435956 984964284 3
473202226 366207665 3
77177149 970905521 3
284115237 433138150 2
145248547 150215207 5
373663635 890249256 7
634703298 432532050 2
681544179 837828205 3
325292512 577844939 3
518681761 558072674 2
22320491 675225305 3
58430764 681781311 8
82391315 900688424 5
642635598 45584276 2
300959464 355164478 7
613162335 262657938 2
236214071 12992531 6
597951961 45399234 8
312447655 204003893 3
815164914 918158549 4
404445538 421847342 10
325416031 534819747 7
859953166 388645706 2
347299482 162481837 1
177449378 879801230 6
462461909 196307397 1
613238506 300465875 2
734302338 705927208 2
76758309 728593517 1
743448413 294560969 3
387921464 195671171 6
990555453 565213593 4
251092815 898850817 2
31573668 364924562 8
777378273 748318396 1
454669264 532234399 10
648504351 310659748 1
676876434 345789066 4
198974776 490471695 9
737142359 325043878 4
491865985 880639062 3
749983641 22957319 9
589366329 584399177 5
918097045 620536211 5
191171715 754394354 9
92160810 31962889 2
205264578 677856205 10
598831955 876565833 3
736056546 269953139 2
680465730 113911868 8
875336756 594112610 3
611119586 602963580 10
163888778 417993742 3
267922039 972973904 6
447837580 828745841 6
994285352 176229900 10
679362905 729271053 3
585912706 103734461 1
559309623 669188696 3
521695625 308113282 7
961962373 635678787 3
543386851 123591119 6
638033396 596592560 9
156363925 655220153 9
88600099 749307213 9
328578541 866566876 7
359001236 330549827 4
383026339 382024463 9
10690948 908063268 4
495846358 128278008 4
52864859 912162507 6
765770062 564101923 2
146117062 756796395 10
266913153 844943697 10
138328456 113099238 2
261115461 392934579 10
148343388 315731418 1
88651686 29834971 4
81350934 846020923 5
677582585 338477332 9
778843858 423957920 3
953909362 580674010 6
505233885 703688244 1
241381450 409029397 6
926333965 478361066 10
808173725 168226 1
706044384 281398146 6
863616158 272528113 8
913882619 750887769 4
518522574 43370584 1
648645928 313815132 10
308800436 479846763 8
752190113 359518185 3
909267667 456967409 4
179046527 692211072 6
788219155 727914345 10
824474 70037875 3
179445441 27543542 10
825021400 81289901 5
710385074 605639573 2
462089551 79284150 8
262740319 514915861 4
355169450 10782120 9
56556234 38380848 5
372527544 938060767 3
12968200 745380867 7
320172311 788552932 7
394460513 169576769 8
359590706 510310596 3
539205940 32702775 4
877311470 244982276 4
675855344 880440630 6
130075831 848429156 7
970891577 164132145 1
282149162 689170739 10
225200726 471010585 9
812755615 842761641 5
990225036 145335533 10
946115984 599947313 9
854935762 386411751 4
350385075 494008899 7
277643967 521345505 7
678394933 181662910 10
273393525 35912253 7
831738804 657287727 5
855222195 3194548 9
66638369 7343416 8
741156808 313436571 9
931986514 214964098 3
838224174 446788174 7
27494311 544435691 2
671371714 712825462 3
281342337 394052298 10
23056955 338122639 3
822136203 55556798 1
326572752 235942720 8
158202176 962168959 10
750408275 585335424 5
811135927 240865451 6
757113671 95846823 10
95011553 181317185 4
892352680 295094254 6
833459767 500425065 2
675673975 959625667 4
305580211 865986933 5
395855850 910435552 5
244502231 693987932 2
155541022 965075508 2
620217340 178380934 5
379299897 368889180 2
474978889 823576389 2
332608870 156748011 2
626447475 339278448 6
409455694 93140215 3
951267650 770733705 3
25316175 98927659 9
763900453 975718616 3
261286211 859754554 4
921494334 49809937 5
699702960 629817981 1
345322969 998410908 8
668421641 824311961 1
8973998 409806025 10
867943232 458438933 6
813624750 117994146 8
577861913 678353832 7
753682319 403382177 7
930990417 26410857 2
559188156 969427118 2
424939379 26846857 2
140961751 527685908 3
492516593 970109448 2
940972727 855692362 9
135235217 183645539 5
880025586 755957031 5
110764560 510066823 1
123446337 790462920 8
742337980 782620776 4
195932124 163703144 2
833759937 307375031 1
799344794 473348204 3
659346097 253371174 8
457456168 449761549 1
3489326 303256316 5
410108905 171803351 7
20817768 853428893 5
552399470 277043584 3
967094726 815409471 4
46224233 21424627 10
59402759 889413703 6
579098713 284132136 6
59826599 566250496 8
753205040 885789835 4
703079234 851400642 6
162372018 222862070 4
937640007 359814803 4
121030255 99627512 8
632877973 94711568 6
437493038 32331807 10
242442945 546133800 1
239040937 336882427 3
335892059 32261097 9
733433829 304463390 3
52346123 195436549 7
662182983 473030357 1
793397048 553702527 1
825602300 415093776 7
945811854 83642444 2
130015285 37519509 10
395132059 735654977 3
765690080 917853014 3
157157415 95156802 10
459305449 3067054 2
112819932 355178418 4
256856273 670327827 5
392113739 217687447 4
848832569 56733691 10
812343466 749917630 9
483713552 939075475 10
376306596 841797560 8
793370928 77393449 3
239522343 244861449 3
92077570 156694279 9
297922381 446186447 10
758728020 455689598 10
702581525 196716690 7
395619853 774386168 5
888244938 643083619 1
934826490 739693304 10
110323758 314449731 10
894344814 68880061 10
119339851 898458404 2
594010074 671922524 8
535536102 859793978 2
192769381 582069265 6
374191396 481234289 10
928637861 531267786 10
585401528 525203615 7
871453932 878546196 2
241127212 744000144 8
683702052 787222604 1
700382086 723077800 2
518673454 713443148 2
592715585 720585243 3
17569450 521781128 2
415505695 411880494 10
414372452 474270730 6
831405925 489556945 3
814581865 281655077 7
619994561 425942734 5
808798461 152119293 1
915219526 272934225 9
212158295 334338579 8
72907120 319804143 1
483416311 517279063 3
305142552 8294067 10
775575579 944125728 1
42617019 899024421 8
577061817 923495698 2
207361994 919821001 10
191381351 845005161 3
29856571 307320611 6
945369849 835468846 1
49128256 419527497 7
381920385 67225477 1
806988567 765741252 1
758957936 919985946 4
946009890 199227835 4
85821974 692280465 7
443199400 149620583 5
359727837 46194760 7
864983276 982599452 7
679167599 814097494 6
867004649 670288926 8
576624503 827356047 9
425292751 469057508 10
221843704 884046724 9
916716731 989909452 3
710319465 72800184 3
982428951 245348877 3
609535355 765293253 3
71468823 385799579 5
396764004 75834284 5
744335345 367412209 2
811730738 226289541 9
194966758 721323727 8
787251769 337648437 7
35525686 720971169 5
699313971 462634067 1
349756804 254219288 3
93874394 912985409 2
501186485 221028387 10
101596990 382056143 5
701361609 204773036 9
799926114 692803023 8
149413628 678702419 7
939279687 595157577 1
364150454 787377467 4
649117940 646331798 1
126753625 440966863 9
666651138 355774221 8
142122239 225184312 1
575466870 588924241 2
674844985 682376322 8
198208621 881100691 9
724670669 61979700 10
367999189 75905607 5
183425220 969521329 10
353541940 615408059 3
914407965 7548563 4
713065247 854619776 4
160558816 54379038 3
706655638 802378304 4
446235241 289402233 3
14230281 676035335 1
546934934 810770557 3
757489491 543289084 2
92975873 944676677 7
697428368 827969744 9
251867618 605365166 10
31188612 449467889 8
149668942 606938961 5
117483642 538348090 4
243999811 287567007 8
752847971 130588815 10
541931938 344773188 3
679314097 25714403 6
136343449 108439211 7
130039503 358562565 7
149017543 114406840 3
858586729 851236443 9
560214791 53615275 2
102953377 813057980 9
738500941 977062096 3
860362635 779934673 8
954560607 320247109 9
195971814 124603626 5
955642704 760385775 3
681779264 334792640 4
739464915 742445013 4
6233491 867162003 6
480944607 899524025 6
434938914 361911669 9
199840623 653029771 1
13515387 611272491 5
355493684 864949964 10
785829236 101542812 4
668804774 353472341 3
578475682 209082261 9
848772636 485021463 5
577253418 162928360 4
142493834 953076884 3
381834887 188981928 8
160771423 230506810 7
110905189 524173444 4
263849212 903308845 4
902690334 843094902 4
118428464 484032216 4
681823047 411554716 1
33378800 247955828 9
611606919 797886765 3
643309111 265151768 5
125689699 255544615 3
333896442 87470735 6
620020370 13304300 6
187762501 765423673 5
10650026 328357075 6
479732901 115058786 8
561128225 249864241 1
709443396 498776409 7
384559329 591218442 3
74549882 882035161 1
334898057 547179248 1
192639933 457797843 2
617198387 683368725 8
16986770 469488240 7
198866775 279945601 9
947140055 365897752 3
146776513 471543130 9
666623105 426077180 9
159875080 149919027 1
881167410 59418267 9
539154508 994600946 8
546015242 416491628 10
43018329 383206450 4
308930994 595669478 3
751988875 29375272 9
535075656 587714799 8
87009806 954375688 6
904676025 29142563 3
41764461 501883337 4
259623035 475811063 8
631546281 332276677 8
768856786 71507103 1
986795722 289877357 6
653519971 549107314 6
164149352 52599467 1
695301289 250996867 10
835029572 450412486 4
317138570 887228094 9
833378795 12264385 9
272058840 338944777 3
599012778 946113224 10
194788517 702504943 2
884386123 308477695 5
492192917 747292433 8
333018774 373089658 5
157452973 977615695 6
884877175 223173720 7
360536470 142803253 9
495792355 704129246 8
73632608 466935602 5
626863023 113175980 9
304491304 957353742 1
756344949 367060069 8
827135193 807180937 9
844034206 120474893 3
365717286 164646709 4
431997598 742679622 4
124478790 549388404 4
706602607 730502825 3
954235051 241369826 7
299914544 505204232 3
290700977 462824284 4
911442175 890999096 10
586626569 831835420 7
494027106 93420581 7
469538869 390392079 9
72330583 278923785 7
947686159 213309712 10
858212607 197837149 6
781531478 414856019 5
596731478 327934035 5
365621085 286490217 1
24076811 248722500 6
591095800 814077280 1
320941039 802521660 1
453263644 821658773 7
48194663 884765794 2
132190556 542240727 8
569337863 206739624 7
122884764 646457940 3
434527872 117049912 5
242222265 977140689 1
72742943 961315705 3
239363068 628407239 7
947438389 174250804 7
470835482 400955632 4
449425472 227900043 8
257907672 17577703 7
791704914 323168381 1
26600079 383118143 4
236429389 910499594 8
157010172 664320316 7
692047884 738652187 8
934169466 925978581 8
396300113 908509415 1
775952541 392848925 8
813486695 732990445 8
308035261 509968523 2
793480980 649830182 5
43249228 123533351 10
425474615 776403375 2
359292869 673954780 5
232810903 329274152 2
744282140 148292166 9
647891258 796691623 10
482066046 843738643 9
60195590 791886948 9
984578875 574814809 10
285863553 739376729 7
172888406 171862638 7
741180485 912404845 5
289770936 267118605 2
77978746 262204692 6
251425246 883898726 6
699922389 584174626 1
44775368 831368316 2
160211051 898458805 8
38437603 619650596 3