1000
5970451 362299652 5
284029662 984074871 4
242465003 212425971 2
485085703 743212509 5
189031819 983257122 4
508429282 189818759 6
364372568 138465891 1
319536974 674904893 4
184578056 134654806 1
426770932 158112398 5
956889169 186654736 10
759634860 478347116 9
479440861 241646218 7
487669185 892344677 10
920362614 468813936 6
514586603 178633102 2
760455365 681181615 3
419945776 425643647 3
300381217 726888655 3
61848086 355676823 5
797608784 932462841 9
151257720 588501863 3
279451502 825972169 5
969580087 126527051 3
364286365 610835330 6
548125833 829558202 10
335142031 89689636 7
180116040 398526217 6
365908468 165780599 1
70251331 793239226 10
55464521 568929794 3
193235452 282487528 5
826084661 599259472 4
311441580 371114479 6
109602779 686640686 1
500237172 747284114 6
527258548 617155085 9
463174726 864684297 6
184177378 673865037 8
644111402 747955316 2
106947533 197565239 6
731704951 207983719 8
316101261 507889760 2
359708936 415000922 5
390777665 585189577 1
109162114 623450850 5
919806415 865269504 6
987637309 480610719 2
929356803 512407457 4
629686985 908280161 7
425245236 330426131 7
31494891 246267615 8
209988172 792669868 7
838347216 73330494 4
543512986 873987215 5
666835589 611262183 4
422846275 921254011 3
64494297 557524847 5
393645527 924821447 8
12770413 586806896 9
16268077 907265146 8
120565817 385598818 5
363398487 51469176 3
700543375 798143721 1
489165351 332860318 7
706297240 159659188 5
49795807 120835473 3
860778964 568457922 3
77371319 549549826 10
333529525 571576381 9
833463483 486979586 2
186538732 358486779 10
663811837 203505401 6
775575629 180681441 6
573341796 613675673 7
659435966 950570969 2
786787287 984063752 9
512133187 497008125 3
744167887 297864595 1
212323249 800674456 5
28026041 350573022 8
184080085 239484609 1
637170201 653272541 9
808573394 603883749 1
870336292 821634356 6
783748484 297591866 9
537561074 493772780 6
93808434 565901382 9
827656920 903569505 6
423556474 199326682 3
353368858 838012003 10
484083329 519570876 8
890782718 119186584 2
921024880 193148788 8
30839494 192350617 3
964290136 170999868 10
28404024 167329125 2
734787897 817534552 2
674852997 218489854 9
546415560 542220063 1
381713186 320548445 2
806605151 908784362 4
562728250 956401271 10
586316551 745253262 1
740640797 805688455 2
111697996 45262134 8
76818325 83446489 6
361373133 256342716 3
605065825 883271224 8
3603785 336962157 1
98209372 499404067 4
782242656 93738862 9
548674480 40633307 10
960878400 130926930 1
334562960 601560678 5
831556940 311284273 5
341852308 828068670 6
557902457 140213450 5
346301164 416153310 10
711489464 135694807 4
253654141 73094079 3
29202468 593958729 2
417266799 76229679 7
378187467 856770043 6
398288060 834769617 3
166041102 702138903 5
189986993 41141766 5
588378303 245496223 2
985914684 185866220 4
503697262 702565617 4
455470442 96806194 5
256704008 6079774 4
76588941 71161272 6
283134137 363881367 5
699645606 231320343 9
939622849 629458001 5
396903620 590768530 8
16217032 212881242 6
546841163 711265831 4
316281782 563788764 8
187362661 869182938 5
451193405 375925268 5
650048875 510418301 7
86807434 93173627 2
546030968 974215815 7
324342549 591939420 8
172447561 726918928 4
198266085 459359719 5
221878791 596909061 9
358260545 69762864 6
93863226 173492475 6
421237933 60920437 9
503125546 438726878 2
114778170 585736162 6
831883059 760273957 5
541242446 612005675 3
813497597 604492498 4
390911676 480418169 1
503441603 921548414 8
851199886 610454510 4
684701350 603231174 2
949278907 884690103 4
917071597 331916760 6
482651711 193914517 10
793249296 537841168 6
524130207 641515004 2
50602556 547103897 10
289818901 453488496 10
74823147 420791372 9
655097443 475801482 5
894269942 116803870 8
931558600 299651779 10
168164943 31702530 3
767512131 168601275 7
584244476 505083051 7
28706060 896565124 2
740942511 222846425 6
959509655 604211998 10
387142867 163264858 5
824649358 325077214 8
191563314 313990432 4
356891640 980184220 5
361097442 104799190 5
635264438 41539036 3
612417146 478849558 6
836766541 838328411 5
497317119 22785122 2
292001734 203191197 8
40474456 772195587 4
134921279 944952463 5
489997398 400971306 8
863566492 34955689 3
321072280 852344922 1
246979077 848342803 1
507987274 129339424 1
723554612 12601145 8
584634588 302784521 3
201045280 970754294 3
413490013 347325226 9
814327071 513613205 10
993684421 403424242 7
191858288 247399433 5
110446582 110560926 2
849037017 71276494 5
498039659 642812205 3
492164132 41392117 10
956285239 400564146 3
881745845 144228720 10
583927382 949970357 4
108676271 705472764 10
142686699 571326683 9
127059479 646105284 6
281119200 830970023 10
47108527 118148760 10
49746372 563286192 1
894740077 293685410 2
241049235 504241275 6
857851250 683145697 9
517103939 287493658 10
803300346 341439418 6
260241079 906282315 6
635287088 769260657 10
764555526 965446495 1
5964651 290827831 7
963315006 237336313 2
874557432 266132534 2
279832475 604811670 10
422430540 446777628 6
537296485 426850578 1
522952297 180715197 5
629345490 975784064 7
913831864 54938208 2
3722289 854035923 1
894971231 91727443 9
269173649 937061657 2
337035176 599274480 2
977994983 509246352 10
173129236 760161835 9
731370530 378071057 8
377953422 119241763 2
597408233 917509283 9
545196678 169491644 7
141025984 197427138 2
902985840 14105713 4
201174483 505419703 5
826565520 643567836 10
810950868 713482001 8
697691684 314973788 7
878034810 586356283 4
148881542 689998862 8
382249538 641815715 8
832392258 481183099 5
57406096 485546191 7
978060207 602854965 7
158385870 650378785 8
79079982 530360796 3
482319275 390294485 10
195320860 939352222 8
102220732 561697780 6
51558054 173886139 7
289007288 438695526 8
835269205 376267894 10
816267966 263516806 2
85349141 312091320 8
517242661 275759325 1
805948688 50957355 4
580343553 770198748 4
716981938 377466873 10
530543423 236362312 10
876732130 400138830 1
383702957 478144842 6
181121839 853303725 7
200845190 33879423 10
156655411 917780332 3
121904244 980118883 1
319687959 404145711 5
163911688 113666626 3
653892113 773335367 5
125902987 630889754 5
749136180 118610569 8
464855944 279817619 9
992596008 831220836 4
749558452 700857565 9
413493964 643267359 7
164101622 709739965 9
819772691 837585888 3
343657630 394260173 5
688623271 229519473 2
392718221 280055491 9
766273617 645750698 10
494344095 728631644 7
602506789 165088672 1
740694372 686425418 3
28418237 574313180 9
82861698 416638326 8
396417221 123618210 2
465634498 124868044 2
338242674 16743118 6
105578322 542579287 8
529176956 346852898 3
12260098 409869026 2
512895042 336986910 3
406765359 473653516 3
428288864 196144928 5
452124445 187278516 9
871444629 471980499 8
557226579 143795427 5
813781633 293932155 7
126048373 755395116 7
43686229 594913982 8
691697911 95292845 7
466816775 81505035 5
534676043 998610955 2
408967012 252893485 9
272951234 502156014 4
981074956 449545936 1
409628178 8829555 5
379842677 504377186 8
581342132 1669306 8
920388287 992829362 8
224640997 562881976 8
552161795 220391864 5
950984000 695593777 8
193918531 15136333 5
424760247 236044731 2
72959111 568580677 2
159029565 53142250 8
28510090 180928582 4
422752941 918424164 8
605485272 938175623 10
546497121 706540744 5
143879511 946318075 2
301122993 940576493 9
434432502 556734403 4
624761679 981854109 8
616192423 30924278 1
485834454 227740492 1
53136677 184531671 2
200949860 21912422 7
485380155 822749323 7
675261170 465125993 9
794512106 432342194 7
443774758 798888740 9
61586033 394494653 2
500418440 312956247 2
931731710 782513115 8
992780661 818689638 6
667819562 452708288 7
624556526 762629567 3
403393679 272167326 4
778432179 827892548 2
457102545 212712108 8
977268330 475420257 8
568507829 433229306 1
374026514 217441298 9
239369664 825623959 9
6033618 887663710 8
143424217 109304000 7
33109362 216346694 8
199788261 442475958 1
617833132 699994794 9
345444414 354982489 9
501821892 629897996 1
812025737 526992066 9
570665034 958705572 8
45966477 462894161 6
653795197 686948493 2
381467870 326035287 9
997483480 225030687 2
145615547 669039014 1
663579456 342840288 1
478466289 533938340 3
729993862 544304604 8
513256443 237537495 9
42401895 129415894 1
725266683 50098736 9
955754072 174241090 9
29008413 608093744 10
651156725 376715469 4
603309733 944074703 10
49693784 416684247 4
795709789 797005540 7
77804298 44645493 9
457899043 196228561 7
319572071 606154924 1
163804633 958408598 8
552133307 237379709 8
116130573 62179325 8
666175120 686696777 9
220837498 590627556 10
122628308 27347607 2
341118334 698630926 6
931832138 946974591 5
152133757 8325191 8
992674121 897601190 3
296557912 302731674 3
956748859 772469097 5
682932439 163396808 5
832714726 375178570 3
697752923 183300689 6
236511737 804821956 5
333743670 113634921 2
2740922 356193697 2
101488760 726970255 6
853827620 737528981 7
892656912 468259960 8
25740169 753662945 3
991687386 401987612 6
92166377 683596133 2
200572722 632936590 3
800186723 461607474 9
939971802 655815629 9
571969515 45870647 5
315783615 809990310 4
637138738 577961573 3
402569311 850625412 9
101905829 279066259 1
95737582 966579436 2
723702134 327890045 8
481116052 409094018 5
604836658 268983120 3
605998743 895415722 8
335495754 430214441 6
950260413 669033953 7
986725236 825557394 2
18017208 585317105 2
966075292 20257282 8
961254766 258393179 4
216873668 456392066 9
811339668 79131197 8
325863008 818536023 2
589556253 535432963 5
353169264 941834614 1
992167043 702993295 8
904947151 503184375 1
897531593 127538059 6
295925942 93665836 8
819498126 613793481 1
453414757 302457064 9
659907861 47633339 7
635157012 68803841 3
546609263 654098203 7
215168426 663022102 3
249344777 433225956 2
310075647 317856381 6
42632981 814566062 5
5544771 796342003 1
244186305 885034262 8
21378281 8084590 1
659952915 843338632 7
907490716 685508466 6
871144892 240889924 4
334809293 387177532 6
807480859 459548812 2
521854492 322926435 5
539571170 990956018 7
359728026 851115381 7
835151416 796577327 1
944885006 662494767 6
968527910 768190423 9
801332313 72059722 8
865663584 792174481 9
367443832 584187604 1
463255374 477875748 8
791674719 236453910 9
519847835 755408478 4
623587704 483241196 8
37638561 606727649 5
896648179 262605420 8
545608407 642680038 7
882300984 909909247 6
830789741 344583164 8
863946495 87793141 10
840579295 777583103 2
45010619 68973597 7
622581997 589590062 3
974768567 732521046 1
219044761 581594728 5
974943216 516694214 3
744571037 445700827 10
701004591 71217111 4
544360871 770317535 2
143161257 410324518 5
808349858 615071527 10
638550286 8595472 9
908802261 359476 1
480040974 573589298 8
227863246 73998884 1
395721816 125290735 7
294282094 461311686 6
597641931 555346892 7
281752299 349393735 1
490575163 944366967 8
211245495 849454904 6
638329260 536388622 5
316973508 584797642 10
903512642 9607639 9
487547182 256056772 2
937593514 376795146 9
200984335 455564391 6
222594815 638110022 3
695597520 124659687 6
738439242 229986937 6
796686969 156410014 2
870229929 728030440 9
143967858 181431733 5
680817214 285899982 1
643138386 562960860 4
275557841 35287077 9
334205190 571888902 10
644350135 355077334 8
455423869 219084554 6
763206288 100700808 5
651837795 85154325 10
143143208 302792493 7
347712586 503822653 9
171272783 417998034 1
898153844 561952927 9
293010516 881761215 2
46305187 851682890 10
601383555 351297882 1
979526320 836159274 3
94370511 457454515 8
764053140 430981971 7
549019389 550128008 3
154642184 785003471 9
282177976 470630776 2
610350204 63133488 6
509325175 93446646 4
100501536 547306473 10
755729192 686543728 5
777129504 798762506 10
508395727 933667612 7
137980717 743499458 10
536910157 604935705 8
510824799 172891070 5
333965226 586916135 2
54934938 931645709 3
260437325 22645413 6
606717636 798994883 4
440115284 591224782 7
919074695 897391768 2
950008717 664729065 6
486507491 306560379 10
318069044 207124203 1
90684119 497823968 9
578577232 50225410 10
35978325 642486419 5
691280275 669584817 3
9061585 32746093 10
254036517 191920085 1
325672464 789535827 1
67719509 102450831 6
716547116 913690449 3
925324111 969028684 9
373400980 187123097 8
253962478 843359818 8
963441699 325697472 10
363804261 856612427 5
358742161 963550896 9
456604827 105361333 10
479242795 711873466 3
104568109 206237794 9
25286646 476427099 5
370593461 609975211 5
341871325 504177868 9
749245083 373132789 6
807160458 863556152 10
86416389 342436549 9
319435116 325133116 6
163941440 431580061 3
800633825 842827814 7
868163255 376629757 1
224311941 901696994 3
719850579 196112759 4
807327767 5059397 2
481352666 601186102 2
764115045 364245525 7
206962718 742104772 7
906844588 990682177 6
367218923 521616286 2
484924362 835238899 3
198720588 553558971 9
915326919 881926016 5
475984278 340689674 2
124207985 852369876 2
755200580 456040964 5
998432422 579520550 10
440127314 59519971 10
912412271 695998006 4
894828196 317322983 6
746410210 295039761 9
444504621 382516684 8
770390707 884360761 7
46891845 300590746 9
318033058 765131482 2
294928452 154140370 1
306625578 745130947 6
66980842 167487235 8
752913050 802733034 3
951333796 818443194 9
515430454 308117978 4
755837417 249174991 3
779471888 787311500 5
728162235 461410857 8
936207743 623986412 7
820550307 289433292 5
950851975 570841964 3
622054362 742145492 6
949027638 149300438 8
619843701 393704794 9
900075964 681463097 5
684706116 346261882 5
605366695 817612471 2
394332425 132475231 9
544952883 233048934 9
242483534 865890559 6
52467827 248101050 3
267737469 224481453 10
543812025 576052623 6
523284197 691799544 6
56865104 901367513 8
824722731 593238142 5
498958619 327806015 4
992386428 314239967 4
457264137 937187283 8
843276456 890642326 3
399779971 576633812 4
746853679 510278300 7
335570846 794062349 9
568647621 28943798 8
992817055 372138052 9
838770702 571102914 4
572387628 931631239 2
536358980 338282935 2
357495285 270770386 5
296033179 360781887 3
698974710 134810907 2
549787287 602681547 10
977940702 689116090 9
655494816 571396226 10
121449363 56448546 5
95132219 177772140 5
54501356 646682050 7
194086010 664354550 10
939383490 213978995 4
758749789 625397616 1
777328398 839581675 9
573008816 79546556 6
881506439 617986458 3
770657668 397036736 4
325387975 58284366 8
353035991 574254366 10
249304089 608022175 4
693084751 977391633 9
926640564 905916710 10
753033356 256534347 7
620244688 294914448 8
796522693 610709104 8
429596200 317298360 4
792255200 194041169 1
355163969 150209326 7
185981498 68671347 9
9108679 943796259 2
698709955 167155200 4
130126792 467214488 7
498985101 408673064 1
917376295 984293733 3
754426882 251270316 5
444505559 2357166 4
341778137 392132982 4
427322131 782225613 5
483195811 480531227 2
365751992 949972782 1
832683313 818468812 4
375686792 346141201 3
962212108 708100546 8
777889065 380259165 10
25619692 499356271 7
368897999 985952603 2
202908492 367962888 1
996190605 587485187 6
521464461 206766488 3
974220114 904328261 4
750149413 440841978 10
178639098 989370622 4
784795011 451603300 4
825746110 967614649 9
554783848 51870898 6
800599852 843151890 3
434910749 702480870 10
182995002 139758661 4
77662712 437936156 9
32678156 208996568 8
900229812 27909895 3
86210090 985815862 3
834764557 928886315 4
112375197 300015776 2
292923987 332673667 3
882892415 864255255 1
900316425 247258033 7
929228388 713797469 7
21207504 440090482 3
248360427 94282298 9
565663465 58876335 9
277506732 878465260 5
552358240 861464422 6
944153362 27844581 10
796866686 828866192 4
745991665 880171276 2
973573307 997397632 9
818281436 738048544 6
338586733 154115642 7
795897702 44681039 4
962789443 286709759 5
758686212 632921180 10
336905240 564290298 6
595635427 266217398 7
932751967 888883940 10
871226825 901184903 6
397914426 685614965 6
110643325 508180713 4
42701897 485257682 6
403838407 457044718 7
607798273 481028226 2
604347727 474413030 6
281314797 867565346 8
903494674 169055505 9
345434855 189729771 9
798114394 576785079 7
667143720 561682873 3
223373458 697856698 6
198311115 328623785 5
585919701 771399274 8
17103514 388066343 3
782194015 602903803 2
79649877 745405777 7
984503143 224817782 4
480948340 618083167 7
868010650 545208014 4
207686306 151339136 7
933036055 904458863 2
263639497 232778487 1
97144043 743515224 4
837138920 851011029 9
257108051 495899660 9
191299629 676856873 5
841216587 51352332 10
127288740 357493345 1
578316403 548993377 7
648635453 179975400 6
270946499 416412503 10
476273921 886050517 6
689302988 11189149 3
261223875 419935691 4
375609890 520782658 9
313294523 36906672 10
335642666 584539617 8
322232912 94637643 3
650394600 600515179 7
611836909 86993158 8
248685584 474927996 2
177409089 53352126 5
261061268 162862481 9
783019683 827559095 10
521166070 551935613 10
121618576 238816319 9
607832047 635274155 6
43485197 690528803 4
759006114 901431986 1
731623186 944001863 7
239541636 241844791 10
73063822 700891807 10
343303776 346685965 10
107484165 487379879 8
298679612 695358034 4
98972119 845648639 10
992130765 650986602 7
251015557 40010299 8
593827179 819353207 8
23095592 208258570 4
211136723 524961515 1
313768428 940091768 7
263557901 549972819 9
990569674 550058152 6
818011545 941350664 1
320792899 617563471 1
252253441 826159048 3
443734772 715006378 1
986568674 541309631 5
731653363 574525945 10
127622787 714755947 8
767323733 251550952 6
691573652 152231829 4
951383001 931781209 8
57156925 151496964 1
995816248 144769933 3
561887289 315436705 4
130156129 165559903 7
509331521 573404564 1
459195287 411561800 9
825658702 483413164 7
800581047 63505982 10
172289177 436062832 8
798424377 650272623 7
817346079 853269178 5
237695890 343585161 3
914097675 660724320 4
425742552 529422726 4
53172938 132770967 10
739012314 521655165 4
774724378 349268539 3
302020302 526419166 6
885010782 675172128 2
72285631 122464891 10
514286877 360225643 7
302429326 481775732 5
542380333 645896937 9
668982738 358489044 5
72466890 414312381 9
788357234 381286169 2
800613754 187765785 9
611147369 754604994 7
459210889 903261411 4
643316835 965513720 4
324855570 934654959 5
542926999 400022161 2
510606817 629657544 7
576226266 120053552 8
346628274 296229831 2
882043752 907090455 6
909902008 89163895 6
558926349 216205764 8
709777933 160507435 1
636749687 319351107 7
622661798 310661650 5
716808323 551733720 4
269726777 361887903 7
850797693 855879376 10
229620972 551542420 8
441157169 418500408 6
156630163 351340229 4
415553266 369715167 8
91153708 688665000 9
728056777 471168808 4
180729879 118478990 3
159319232 905501571 10
171837381 938858129 7
518524869 84377669 5
648861144 280540180 2
383272519 56667403 2
558835467 192863867 10
691114488 596468317 3
811388547 207982455 9
744876407 349335877 5
548530506 606186504 1
663763365 897972857 5
660035676 310888149 5
133307658 931690785 7
224103603 212551874 7
909102587 386146443 8
198809924 183397046 8
704314502 101834854 7
544567946 551499808 3
147053027 53511367 7
985223180 396198772 4
826845696 266076440 9
118341652 331118538 4
889899322 425258478 6
415871539 786141906 7
969086940 462135011 3
888173032 713430875 3
820607612 470977195 1
217590982 93979168 4
412990830 353205075 3
74860346 718967552 4
966409405 906156533 10
710060383 620748896 9
84889897 876026362 8
561434615 509497095 3
151373973 318958206 2
124269025 560731997 7
138214181 772245130 5
786455986 550649366 3
734066985 689077670 3
424094962 675087029 2
426561498 359340861 10
303753575 352142557 10
363933024 794270036 3
685179131 325597690 4
871870448 89228022 1
133211914 635862661 5
374334059 152767161 2
268804707 994171475 10
279744724 140518513 8
723319050 795332730 8
45554086 568593637 3
623230001 458588250 3
363146518 750097579 5
254007130 603381890 9
65147475 849522006 9
624162831 104756953 3
980937987 343477929 10
775239580 988264827 3
111362916 518434873 7
538079093 189344973 4
596418251 571484595 10
417462721 883240669 4
25816039 355335216 7
816627030 687139389 2
937467713 270713435 5
758867326 339582276 9
904430758 282501697 3
111531145 549654565 10
324806506 448567392 6
319947894 121058747 6
427875359 255513649 5
550281270 882159954 4
12091018 650893243 5
695496531 589538794 3
770935336 933327789 5
365349545 780577999 3
317008902 135636636 9
802512053 122596202 4
138900377 136231992 5
334516507 227255238 5
666315125 455001835 8
160480425 51962017 8
174268864 945017229 6
325014442 658318460 1
95827368 945371727 3
894250496 524509278 8
732707316 786602362 1
497177636 694161476 2
641913817 227469972 5
338150068 66565451 10
287729338 120445129 2
847046167 826732034 7
129915306 814357911 8
742278628 103879297 8
344159774 500818734 2
749245874 257017446 4
933677638 632884719 5
935938436 184559848 9
7672962 134197740 7
429016588 543108065 9
786125140 865327727 3
198523457 176377081 10
461914309 268229283 9
557912334 325625799 6
545820268 148993338 2
144322356 370795829 10
52159990 36139357 1
617709326 335694439 3
300028115 992803735 3
245114771 959217584 9
287813702 946398859 1
874311453 657297637 1
841833867 914818655 4
750487628 436575018 8
532807715 325500914 7
649215595 697399138 3
692161812 87271786 10
775267349 787250422 3
111040628 181771236 6
811193526 709391562 10
447207124 521640277 10
161131826 455559788 5
744534069 165338264 8
486997482 601118812 3
448141264 595728260 9
712470613 56480652 3
560231574 176437956 10
522015952 355305089 9
396764720 54203983 5
498043458 861793359 2
417284417 712734461 6
294637863 340059704 2
923020532 311620617 1
312882462 986353139 4
684534784 406719038 10
421700171 30961992 1
496709209 237088621 10
533987892 735516483 8
35621632 163424604 8
595277452 112983409 10
178630025 392477592 9
781351725 267341074 10
533240526 303956672 9
213698782 982021937 8
759912993 84879493 5
105129885 693335139 10
348228699 893382372 2
769749940 810296292 7
344333460 593261305 10
822725617 672496727 10
576466004 668401214 5
992182882 984462599 10
659782541 469402472 6
237009131 812424268 8
377765849 810403484 7
809726948 226100595 2
51835680 944065415 9
498014160 345470473 8
117022044 151719733 5
73178641 539751234 3
698451889 851697426 6
154412776 357229811 5
674182019 735081536 2
518492313 944270447 2
707565595 431740530 6
979334648 905585120 7
213127761 796203517 7
892287384 846280007 9
547410458 915327277 3
646579450 221636936 9
922143561 254531339 1
687264578 722212866 6
549507649 526770414 9
284946486 145699198 2
536662574 642131735 4
380515812 672407604 2
942396352 283949952 7
202299559 78446340 2
628658315 339512734 5
500178763 298412032 8
987037843 36904622 1
887523047 224978409 1
499123020 363489573 1
209755809 346978504 8
102553857 359738152 7
352949958 749794192 1
421132642 921407695 1
310705750 233744915 10
822019803 123429086 7
886006481 838006996 2
17077333 613570952 4
35890337 152976552 6
374604346 676382467 8
801682720 195147736 5
403621153 473807216 3
41266190 212692381 10
382915159 172576540 2
880395452 789135742 2
818561359 216113689 7
230571569 651061117 6
12163515 650288607 1
892320593 360090894 1
946694783 478914925 4
818844751 329146802 7
214974036 217291573 9
803265385 677340895 10
462798258 713573372 1
451416550 699254994 4
48510561 107939650 1
367502517 290434144 1
993602905 828196138 2
74433677 776676703 9
367989971 372113756 8
701753729 669553713 7
241159545 97244028 3
458107962 341347720 3
846369578 508354977 7
115894849 631384212 9
263941483 627497161 10
98009011 613785699 2
876344612 751094249 5
778406166 295001883 7
150516803 425213476 3
200245618 363630546 10
507131565 214097841 10
512704950 912953408 1
456013450 448766852 9
240818915 423519789 3
752649492 680735453 9
798945343 563202849 7
315608149 917334124 7
726121004 980129769 3
308954261 896240163 3
726275115 76107035 5
693305466 411820172 8
55877133 349251318 10
388490047 218233976 10
370300121 158792424 10
874296059 795653534 9
169940812 923717137 7
958581967 915389415 6
618097390 629986467 1
131661415 563064164 5
780686768 827121207 1
411031916 773176627 9
482314875 258027609 10
731137299 629402888 5
22994741 576626204 8
97393383 917711039 10
106800232 37304553 1
231051470 375456851 2
869128799 185383975 1
519006950 732790895 6
853700938 49141190 7
93920591 389106648 8
976769651 803365345 1
98982192 499117170 1
451761854 99773272 8
86835606 648335207 9
260674529 196337141 9
484994538 451622433 1
831795195 491437583 1
757102164 312677123 3
528664887 651866215 3
927357912 216905705 1
721177655 943850193 10
131322237 802947328 9
239059294 28788500 4
117368797 433998769 9
600464446 635536429 10
378577381 729156394 9
244525524 529080401 3
520658019 171932292 4
879243351 354342497 7
979588077 246629379 2
795646089 748520839 10
455295358 664383625 5
216452346 509880801 6
739279263 253481017 10
314082236 566270397 6
371186954 84685413 4
873979984 529214707 4
600823003 280119522 6
618954951 459370707 1
595033393 956908596 10
678193890 831359581 9
752430618 201515994 6
131223861 561838464 2
756420481 277560246 5
816371270 184979850 2
552237602 448283857 1
962249752 595225957 7
969897351 455921120 7
108962523 627743524 7
768951272 394641493 1
527082092 196505448 6
208068724 775077188 3
939806373 352999867 4
570101874 254314524 9
381271363 173818743 7
966594499 76420561 3
562961828 624566249 2
74736996 441144835 10
740354965 827903705 10
803835527 7873558 9
483206037 815059367 5
952262599 970555315 8
566307404 559759733 10
322289968 327975557 3
998445877 458142795 6
763133232 206879442 2
990554569 756258110 9
312517128 207631824 1
848914349 31095491 3
519469434 759734704 6
146573990 538646980 1
256404806 752779345 9
967201357 917109974 7
53076816 287925875 5
57897862 328451816 1
25189283 989289645 7
108606520 547513595 9
820132821 236687577 5
486531760 155477084 7
315534659 110674709 3
26612233 809007740 5
55747107 280180555 4
595324572 532119208 7
175861357 848207363 9
670689314 746938143 1
25876803 229225025 6
403908680 616603973 5
421925686 491993627 4
67247455 104576563 8
844486423 887428243 4
253240218 551300457 9
671051041 18320869 6
210381626 59850840 3
515022083 797650183 10
370016390 638742596 8
994813495 373689333 1
116254236 655445637 1
467281038 637899984 4
283430012 343875781 2
469740613 53534437 2
17299140 595462378 10
20837304 831413356 1
494452514 684612283 1
294767167 188132659 7
623513281 966294476 4
303261519 895306621 2
622573688 511727877 9
91202681 315323645 5
135420182 260548418 5
468360878 503465762 5
129073479 365060363 7
73090072 44594693 8
845110891 102095651 10
997890451 421276902 4
961022486 617300101 4
981543695 678500328 5
632788820 147205982 4
323940141 45621810 9
871344347 194089682 3
390118428 22718722 8
983887983 67280153 5
369229900 668792177 10
766465464 383213385 2
739480631 332097955 5
366998038 695278221 7
472320935 296913870 8
617843594 128223032 10
78058266 640723391 3
795833293 331703121 9
316396969 928355949 5
532717714 257109892 3
498443008 726115819 8
808219167 445658426 2
202123687 683931164 10
562669145 400415351 3
156603552 669448505 2
727032342 908700236 7
627159152 81230002 8
728242695 19867298 10
243478521 937445313 10
770687956 446558919 8
999020506 266159421 9
546653426 811092068 5
443903538 897413702 5
23290042 140648560 10
344630528 196235690 1
646976585 65339449 2
810995261 544241531 8
665841956 198475894 3
873668524 500148295 8
289130478 535526448 8
895872694 697045557 7
128439734 998046695 7
16852705 753418290 10
888580624 688385996 9
919578169 237118903 8
745094324 654448424 10
687067493 226103573 6
973490395 45379684 4
996852398 660424874 10
893117875 824178762 10
341633374 145260476 8
955088225 255621421 5
862473228 543613391 2
622575319 417939428 9
155886851 441428187 6
579126723 564737008 3
693364630 176872488 5
347396164 308791274 9
969670170 937746743 5
149632903 621527652 9
466562706 332660835 3
860843907 668475057 5
439725844 542837256 1
2369366 721975033 7
635260087 841797831 6
301121044 318762092 1
800322957 757597808 9
836582469 245010064 2
751001351 805576551 9
243814135 651910240 10
906256799 246962045 9
331386220 886894951 5
548714718 954383595 5
775217562 896122248 8
740868548 595522707 8
630102620 447491453 3
668650164 99119195 3
85187172 193167667 4
175460113 43867535 4
520258948 826074216 3
147189527 303005671 4
647821321 970848165 9
677996572 289993116 6
246277018 542554246 8
551433660 582604064 5
14708281 487363081 1
936392653 236441563 2
646137503 505172357 2
626185813 206771929 8
292145815 554674336 4
508867066 543378704 1
482072867 714618444 7
653935409 971469639 4
467231616 32548026 1
913957646 79782995 10
580012944 41969 8
968716969 677829883 5
266081276 456087356 7
727460365 165327309 6
182628501 285615220 1
899232599 39499385 9
331235492 852595898 1
923682784 558396544 4
621838819 479771128 5
397696065 522475229 10
360607016 989634250 9
399915096 201374769 8
260701155 303289096 4
162298316 211285417 3
367395283 613814948 9
747793620 355215944 4
561585414 393207318 7
371488858 679978541 1
354194218 989489618 9
451128186 392837678 7
250111682 630627985 10
434994489 109453355 4
836045164 368792956 3
20997746 909211333 2
969765741 505328837 1
7788941 4719865 3
265535932 768395764 4
271771825 952862253 7
44640089 125461544 6
961898047 498809092 4
767930619 695315332 6
733258798 181436339 7
557813571 824522039 6
801747215 154920675 2
418787174 127315041 7
79890195 404694512 6
555972552 408450359 5
557329003 779452583 1
740557230 610276864 1
900733470 46524511 2
167257723 108232684 3
827697405 493136369 8
139668194 709967085 2
501970060 970721374 4
654224555 987296107 5
963189765 442994685 8
427053176 153018039 4
423451589 144262965 3
793193850 463084833 7
784729694 296311834 7
955748684 999025664 10
206627347 294709142 8
415539999 792210859 1
649589710 427353409 9
763387676 432415646 1
235041947 41756869 3
962648925 682449234 9
409222953 685051906 4
489357960 722554976 6
236916312 481663590 5
771917351 119017021 1
739774516 847017492 1
914019810 28130441 1
251118 680951150 3
853692235 934673554 2
27859769 975120223 5
372082469 800184597 8
95595074 226605621 1
73574646 939228163 7
656216382 194176131 8
749457577 247082857 9
176961890 814863583 6
24084710 159430349 1
834373144 173796393 3
348679474 278180866 4
504337911 594702175 4
859375914 132312264 1
993348046 202994233 1
263469395 892663282 3
480358086 105452501 1
810391965 303339596 2
388303176 757239360 10
651691660 896225383 2
309470881 931319678 10
610877718 536313271 1
601869349 173970414 4
99297775 389175993 9
619598272 946288959 8
32775127 987527105 9
840310411 105423710 10
982472409 983927841 5
398328322 658884720 10
506831173 691446613 9
708994507 204149418 7
999548900 358972130 4
345048480 270250785 1
548905326 980151717 4
321377485 529084146 10
702780793 765204566 5
801685443 607986750 10
320504160 959197083 7
753257411 74239000 6
553938442 906833299 1
242174870 916481734 2
33697510 875456255 5
720596723 225015784 4
799166269 379701940 4
159178949 605632876 6
69537045 569535106 3
210157589 488476753 5
380024466 647180254 9
521502499 908097450 5
122069392 991570791 9
305053496 446282450 2
645414287 184722050 7
63346279 262953696 3
924418950 743225048 9
114518562 724958202 2
423027336 641764115 5
676348413 102696958 5
409492242 414287525 8
684391776 254157651 2
279220539 112852300 4
819536473 334448582 4
369044942 145934152 8
188473639 865527425 3
367291258 24177683 7
29202472 727180168 4
374002820 59967734 7
417460742 543016160 8
156544621 897682832 7
828958081 911083411 1
213889973 302903900 4
242669570 761765248 7
915119177 214496439 2
45478903 558058107 6
124782720 368798282 8
855176197 167978602 2
482730576 416407266 2
819403999 885021324 4
723807427 89010187 8
36185006 512754025 10
671485380 928790712 5
32914597 599201281 8
247994357 24956797 8
369109692 751848444 1
355649732 152315196 5
533754305 299367625 2
377482291 42774004 8
394969624 665266679 4
593926767 671218457 1
699203290 960506400 7
605501904 153707480 6
52025235 810536792 7
215585300 925530593 3
929074281 705510362 10
722356109 224677583 1
563066237 9814835 7
493649219 87107906 3
88703710 563362765 3
78324517 500917624 1
560007474 473186898 7
61125449 951665701 1
866867651 958114182 3
506290960 651456481 10
951359682 874974802 6
215604646 457772592 7
607743280 939560482 9
349287732 355548211 8
124995024 569965151 5
85555858 441727504 9
213865570 882406077 4
244397038 14751491 9
742374619 981422013 7
388683780 707436743 8
594024287 784045933 5
685688611 471852849 3
938950662 597316225 8
596408307 656781114 7
550163595 701356986 6
910941878 861231186 6
243030263 187176660 10
637530367 770440513 3
918082165 109096097 5
906364239 705388090 1
783892768 599067015 6
351893685 864694740 6
205315642 852036696 3
699475728 617681621 2
510815942 976347414 10
303186166 796933201 5
502550048 213485461 1
731221829 41964533 4
794954399 392060981 1
955183950 897914786 5
480940993 64875096 7
624661164 869171202 9
899044188 327699078 10
359127391 418315661 1
29950417 525612052 10
508763916 812506590 3
235425236 220844179 1
63519560 495276899 5
218983832 441687618 4
897743965 553666718 2
698393598 747751799 1
887802280 124197896 3
2375499 708204101 1
71027073 336692739 6
931906624 416235292 2
87971026 874911400 10
740981527 986886106 4
641442725 859338971 3
775037316 546236734 5
146194902 819285928 9
994715633 403884825 2
720232545 321609674 4
537192886 685474131 9
17683213 10137201 2
748493515 574132713 7
961118786 504522314 1
609234759 555146207 9
19182163 732771917 1
102326931 336792597 10
261660744 200123150 3
761741162 332535508 10
742134833 407894388 4
344212232 426190263 10
18121219 342716150 10
662284481 35968264 1
876810509 429875693 2
588883411 740117231 10
944902101 196098649 10
929120108 701050658 10
590763580 757958688 8
223558909 808768553 3
663219458 739944973 1
689324636 953328271 2
258532772 894611283 2
583626551 355806388 3
830643469 226098564 7
641509203 742081883 10
179497171 423541773 6
991769605 602259064 6
927776358 476591576 10
530720377 77817040 8
106514110 698091550 9
36252654 354132780 9
913205456 608761617 9
902036905 579514705 8
540657441 751743591 3
120083656 815468342 6
148935952 697886917 2
259926610 736830892 9
210162832 180748281 5
161200777 11947978 5
73082073 918458357 2
994789901 36317328 10
885378277 594626655 7
284939949 946972098 1
189989308 668351345 7
654000272 82936015 9
765873958 535201564 8
829096186 422613958 1
508874419 776678960 2
444697540 275658767 9
987169800 351998122 1
471471917 801639471 2
978597333 971405581 8
24887513 768813553 6
740584564 709611452 3
407339093 195938680 9
495118015 234707045 6
774245634 325709691 6
373230595 733946228 9
542998269 345317531 10
710643043 432361135 9
454090365 232702281 4
417473446 637182294 7
553314076 513355243 2
327846064 590463456 3
763730211 531559371 3
741021218 922767811 1
55944414 62401548 4
789323623 981745244 5
38397768 110598873 10
994306248 730607987 5
586920516 365511720 4
972044442 973026998 1
831278669 306101870 4
994743427 593573720 10
652960976 828103954 7
472034842 332172463 9
999387893 333008269 2
533995836 491220609 1
7465733 849334801 6
988035158 284782090 4
606711413 534375682 8
59385256 915980221 4
443463462 950505204 6
484522962 231737513 6
341952884 981206442 5
629831370 174543110 1
509683345 155996872 5
996246944 779102527 9
73594675 204078160 10
520266272 460565352 8
704033421 799201571 10
216603677 146917272 7
116786562 557455753 3
315420261 289685205 5
559296104 381142727 3
847922967 797678377 5
466934652 266494514 1
808579341 435503803 4
3033450 513411984 2
858459712 436514582 2
333708251 469009702 5
352074 781782456 7
367529221 316296535 3
935376916 39727479 6
159145773 431797439 6
547245972 812782284 7
814491328 497996450 8
843954866 725843761 4
98277436 448608321 9
141078340 6321042 7
119281151 448840512 3
538925872 611093692 6
842765929 230806430 3
994618984 706859881 10
895192769 301807310 7
680983536 986702458 2
836544231 324754298 2
6533254 678128947 5
112819182 508721124 1
470532491 935458146 8
835886678 750889095 7
228897761 696238998 1
912847647 878190023 9
416573757 484731722 2
761213593 984942210 4
36745296 734293247 1
494485621 730713438 10
921595103 892880310 3
117298254 539306889 4
207995128 379733830 1
175204533 181218072 3
371732365 602123844 3
498338078 901505350 9
491221871 869843260 8
527319505 820961103 3
645673821 755311921 2
553901827 902868125 8
919755273 216411592 4
314687025 784658798 1
152423453 614158425 2
756417407 551405491 9
530544897 665038096 3
718322649 240954803 7
700195125 321591374 10
423085124 307969079 8
192933111 741601597 4
842509416 358114159 7
901627482 556361002 5
992863578 723368823 7
365095312 34127419 1
16118956 986758404 6
447972337 58547913 2
122777738 280524909 6
175232522 115895615 1
42802610 380869985 4
947671266 460048171 5
322341396 79928887 1
138492764 11695309 2
19242817 799276756 2
50564345 993075980 5
190731766 389482930 8
436920300 397791537 10
486846354 259946104 6
201177095 71823750 5
44793706 131714180 2
455970274 391861267 9
213457426 258503603 7
523861654 108693188 1
144313015 682878570 7
598883173 545810499 4
311742759 470596750 6
811826347 536778440 6
50556712 981251427 3
297451539 353988583 2
436217474 839727428 9
463001051 925297554 2
735516254 164966075 5
285272374 217335550 3
687872870 101001791 4
978226387 890525383 2
992962005 59889687 1
237326196 27196829 8
172911855 335395808 2
895455693 172980783 4
743544157 234869827 2
898755102 198531814 10
767322232 803804273 4
369365528 234269343 4
239608168 742572645 6
483223742 36433488 8
373368378 803295235 4
406589859 131425071 3
729523463 129609095 2
723118000 668200584 5
95903701 586148461 8
946587581 107002063 4
89444823 201226193 6
304583890 123944836 2
694306338 797097364 6
568080711 446147968 3
761923798 933724428 9
277910299 520367330 8
128169134 8148386 8
57524474 429282070 5
255704355 496671968 8
425703135 319550322 4
107900187 68057973 5
821779888 608895648 1
734165483 942332842 1
99904556 440573224 2
174062366 214680671 8
639874459 357745917 6
509568777 321501565 7
123354657 591457230 2
624432612 701902916 10
750028709 40105424 6
388061182 441673974 9
558215679 351294405 7
799720110 290480944 9
185904928 48462298 7
892490775 382589819 7
780447297 63673085 9
601606254 495868278 5
492816020 277848032 9
394156087 173459978 10
622637337 123139327 7
291055251 276613735 6
71966279 384737270 2
910866359 674277419 4
745024445 900782885 5
8692250 764443814 4
895532755 679782131 4
344775222 942938061 7
242418291 550721326 8
505597679 984502550 8
711696473 684388705 10
612464930 918880163 3
933046451 798007954 9
789265976 4010825 3
135777838 759025742 8
83868897 666267628 6
618176502 524646430 1
325732316 92862977 2
222007023 680542016 1
578902456 612659949 9
482268194 398685766 6
283290094 648589394 7
920434204 600479668 2
119434031 478134491 9
195943200 105099018 8
228223874 597865268 4
271492334 441305660 4
479685975 45666101 1
82979321 700809585 8
186874622 406315003 1
711614768 285324246 4
6690154 130681567 9
62570963 382280181 10
459557964 349862358 1
659201443 237430039 7
564217755 731256752 10
419042753 888002388 5
834638826 356656995 4
164933699 149764631 5
201085752 812422486 6
650603406 134595753 10
470796083 866742135 2
544797008 142603968 4
126758095 724024518 2
902571527 565503709 2
752472393 81070032 7
445146750 869313487 6
170446848 776079551 2
520570250 882867927 1
365774111 497280525 2
658979699 884217354 5
990260883 815897239 4
561023867 710550425 4
789921132 866832032 8
421753996 926881104 9
33062524 58939416 8
959472460 282839656 6
214101405 599982878 6
336600001 303276688 8
633241532 825376629 2
131309169 365113412 2
437947392 93055507 4
567056974 680284373 1
703128002 383764763 3
846076063 179827384 1
376504506 725923991 3
336957076 906733564 1
348459267 384051483 9
348298230 920655408 2
63530077 643987388 1
405166977 755677531 8
161667935 204940714 5
871147487 119391972 6
701819313 931294470 5
576949239 446237957 4
293358403 292304769 1
756590079 279272690 6
949143171 983601515 9
619999842 359880218 4
654539984 996967853 9
572789675 520014415 5
336990954 169407293 1
956102507 693784468 9
64403099 556734059 10
154881473 782505430 2
742663342 643325503 10
101414119 638200533 10
424479657 81501346 8
431312550 130180460 8
51470328 330744349 2
689262822 226505142 7
16389400 673869461 9
620149595 836614393 3
753942727 14156266 2
656188876 180732496 7
498832686 75970796 10
381861711 231703150 4
44515086 717257464 1
801471021 319955250 9
208695336 945868252 2
711179065 147716033 5
277667839 114664628 3
535048000 340624928 5
386055782 795710344 9
980611394 972307798 10
539020742 64564766 7
816784733 186285307 4
133583161 777189946 5
296245838 14128141 3
33198268 34364831 10
445152372 318566194 10
538161669 641509528 10
935909738 657674637 6
379521367 31977176 1
808246192 556297733 4
645232173 157768337 10
948670457 509407977 5
651295267 739579811 2
165270840 631137458 1
992837013 260298592 4
655137172 987517825 1
647456892 743700685 9
754333363 230431860 9
19376781 776341671 6
472907032 566110195 5
135397269 997198420 1
467078410 11156106 8
945525160 49389612 7
855118695 767346749 7
842242654 847529915 2
215647928 639405571 2
271150292 856659804 6
669921820 690140913 2
339707207 80806215 4
577585965 354222456 4
927142363 328861934 5
356182431 985808054 9
861415559 396496765 6
940601984 660008048 6
387843878 71081428 3
780731008 456137841 9
995220610 486114285 1
138609102 153923926 4
99286817 529464040 3
277285534 41987002 8
540796753 753750336 4
802204819 75971491 5
915491782 255132382 7
374734389 361231299 10
592683217 781406410 9
861630153 525163282 2
486427005 847372812 2
299439126 665187477 10
547184599 994145457 1
351301082 532355516 5
201164442 971487946 2
538526839 776708234 8
95722508 19021794 4
534030486 771408341 3
152123748 990288467 2
19435455 315514141 2
527653140 571483129 5
3570238 136132549 6
788541607 885600635 7
30870677 279008521 9
918228393 935427975 10
221383338 935678159 8
48916199 920519457 8
806536419 432854965 8
364964813 833493907 2
249694373 301897640 4
798689034 170011910 7
692226877 371560408 2
127388019 469655604 7
238536963 812423850 6
552462316 306631015 7
740470344 363536505 6
604242683 684892085 8
570601578 609833405 6
106710074 467600224 5
295089649 813667853 1
747915243 102247604 9
631679285 329973553 6
562669990 569995975 6
39191730 24899939 7
992300869 629550350 3
244589491 533519990 10
274947932 195567190 8
587083719 689776971 9
869534195 296742475 5
332036308 691193135 6
503577750 446219774 6
840232611 296904104 1
160881472 798315126 4
167837645 412145188 8
283446163 970331784 4
913438882 124615652 4
97715803 252018447 6
547209342 183249019 7
128187033 970532552 7
406141185 490848907 5
243223246 905274045 5
380300960 242309397 10
583974121 379048577 1
474887986 437459048 10
629360540 904135419 4
184595439 163105890 1
173673775 970304937 3
148062959 155542189 9
892086980 739320229 1
218370733 248860510 10
901614184 484538164 9
595738475 490039327 2
649441195 419383705 5
380621812 384479896 9
93043621 487723078 2
71619495 60027166 8
515767915 956133387 2
99459458 365340276 5
743190333 836186802 4
411684796 379644938 8
104390285 823475506 4
37143052 682548206 4
89439027 998166932 1
529165352 39503926 3
319477113 685421995 10
830649992 950278901 1
246893693 49412341 3
85754806 756649248 4
231656685 75642789 6
351396110 788742709 4
135066239 406667235 8
609959345 357066707 9
691143414 790811436 2
422079344 901996348 9
276123298 858640680 7
947814076 461316408 2
479333318 123453337 5
377703502 239390851 6
41352755 588647591 5
139885205 903270568 9
383461894 335744234 9
840485708 365802575 9
346138012 127349261 10
838399777 934504456 2
855737489 712251969 1
100053485 411654784 10
733856759 635328628 9
187988990 708085290 6
871983815 61279021 10
530497737 922784269 10
538239779 35007051 10
400250186 946484252 3
721300707 866925101 5
34287017 540430688 10
750694903 600039868 7
506303210 15551627 1
608380320 992209064 3
971843463 454103017 6
91187065 262708849 9
379312482 309916591 2