200
179463907 361200773 1
274017251 388821679 1
150217382 142302640 1
141212908 458882764 1
26043402 273776443 1
606184439 266834081 1
549587503 788143287 1
188719674 800707323 1
805248143 232408696 1
502982128 334224228 1
257301089 583933391 1
794596552 769745195 1
154552497 594979469 1
658590288 930193133 1
59821201 807592720 1
325149416 265107114 1
873902139 236523686 1
25079221 215957603 1
597071832 5135832 1
378134574 479482607 1
865440265 339539613 1
954757002 885023065 1
35660748 461984347 1
403959991 162510323 1
129287865 865905563 1
838304995 419422143 1
307581043 962629710 1
769624577 807927445 1
920420855 988717078 1
262756897 536634539 1
109805274 843683150 1
323230397 369462924 1
344804754 728646743 1
560624778 552191328 1
904102294 934117652 1
637019044 425774946 1
845066572 764433441 1
537846550 543254595 1
2649678 896474320 1
12210354 246282175 1
519306896 931374851 1
431141726 179089133 1
898437071 875465711 1
260009941 846354410 1
518335211 627703868 1
634176691 664938380 1
995282389 32166288 1
69676838 291099547 1
527704233 865306882 1
991105733 589669282 1
675972098 765738869 1
347397551 628645943 1
304127646 774245082 1
204321078 739622444 1
811332678 145722159 1
503089902 367311045 1
445127925 631115268 1
283268303 376011288 1
441158472 116751922 1
231144690 363345803 1
407392936 622613082 1
400018155 170336155 1
479857534 222789896 1
474449413 469383441 1
933380419 235150251 1
916440629 936640434 1
867180067 977227925 1
260331313 969291771 1
422790719 952355448 1
144825581 839377238 1
687446528 358066735 1
978298849 230531416 1
419315848 340654344 1
402106386 338646552 1
414045842 80789999 1
47281201 495286050 1
821663878 521941437 1
661267526 219331294 1
230511902 622638919 1
903383738 82469439 1
383242067 977757090 1
747496875 550827269 1
649385992 862537032 1
654717224 2036673 1
875590109 883761424 1
227011074 947366711 1
498820193 321713600 1
395605325 242595347 1
383419358 701796298 1
647870351 691508873 1
133683579 459986146 1
342905003 44068585 1
547930282 247864134 1
62195419 109264671 1
443486932 162446615 1
478960748 941818493 1
82612516 189473427 1
477048649 309614899 1
300307374 470547555 1
93108813 109233900 1
368588043 457655462 1
368119213 938522837 1
72871323 731896938 1
955846848 860452757 1
54207763 623284410 1
141290898 467352592 1
739050971 646362138 1
359349356 159432922 1
785282050 299655601 1
24811358 226081505 1
520456503 691384686 1
536888263 718484851 1
232748860 784578291 1
949962629 685565963 1
940191105 684933926 1
984356854 841526930 1
219269478 816918024 1
262387200 749184782 1
912882257 792957021 1
521428767 381776539 1
415230870 402959400 1
15822180 756062975 1
267377845 129969733 1
317755867 978859134 1
664966477 316591230 1
990653963 91304453 1
514762768 131872706 1
360171790 385750462 1
472280182 439661761 1
24247734 133330051 1
547448616 12021425 1
844810976 754950537 1
629921545 87715397 1
196231524 408513190 1
142061163 848622061 1
205630031 39641650 1
712908759 199146608 1
724945311 722492455 1
816925463 776584432 1
202523062 68189241 1
147730695 972389729 1
408581336 907233415 1
571656148 751689653 1
761336869 628279723 1
269566777 300355180 1
432281265 8621620 1
852555473 150708624 1
84091067 704718183 1
177029804 713336526 1
80991589 51815169 1
209840303 920747509 1
290125754 944393751 1
130311918 576101515 1
437474618 377093819 1
410465146 665636855 1
652522130 960048467 1
499893709 807292886 1
855878842 861624530 1
514702551 505343891 1
556564080 343935658 1
364088314 351623807 1
277934503 722302075 1
870026142 929275633 1
481898194 333485005 1
840775649 598945321 1
703532817 40199096 1
992178214 661006779 1
671275299 770975656 1
612780673 603272241 1
208152443 754439322 1
151461919 436320811 1
957016909 343964236 1
428705950 628752631 1
777688414 948263902 1
108912312 157259069 1
527287761 525100418 1
935856401 54852503 1
687792507 294283859 1
295549901 130086022 1
453006211 638443925 1
355649117 370812395 1
517781539 212328442 1
474761287 791933249 1
474636330 678617153 1
436154341 167676382 1
737275642 560553019 1
612095176 499783726 1
83680688 291061191 1
907438997 952169589 1
139465639 503525099 1
489523171 859987333 1
881144072 607963804 1
429561872 965425591 1
906466133 202782914 1
33435533 633401885 1
131459829 801562713 1
621327432 422540093 1
491470872 351413920 1
642783977 61261334 1
815222835 992585645 1
621176424 852755016 1
816058025 404308904 1
318587941 398044108 1
501915182 446610704 1
16782388 485066414 1
186790421 416954289 1
964860677 157183726 1
824593941 866707239 1
950541439 149886335 1
158582171 748177573 1
139329960 725632323 1
165749808 358502722 1
504769293 65831617 1
190107507 248355522 1
992084930 547623266 1
749613482 24168092 1
673145117 349239775 1
969081189 4321468 1
680967122 2379272 1
142731155 487048741 1
909209207 165904775 1
453020260 969058792 1
386428878 886759655 1
63001739 54474254 1
385782418 42242465 1
141407957 195338872 1
522633968 658568820 1
562664419 611941673 1
564004947 233050957 1
382509722 95144531 1
188968829 134196582 1
669065183 552391940 1
210068018 787158064 1
365045792 875770119 1
258538171 471244841 1
183478718 462642952 1
299285250 651814649 1
23327288 290536451 1
581407660 672418131 1
976941869 857796272 1
396232082 914259948 1
924592613 869441781 1
634998560 93260202 1
631158745 57443156 1
674620088 707662667 1
988245420 338016301 1
267090733 977710498 1
623292967 459834189 1
369023521 121896392 1
578612685 37785714 1
108784077 435155548 1
104830085 847061244 1
646782042 681255602 1
461865558 149667774 1
85205337 13535338 1
794856298 238577605 1
371780058 107601592 1
21700063 877339001 1
400487434 841448867 1
271802131 952590486 1
850376412 176837892 1
812623994 229614048 1
218345320 855007307 1
796900610 121298449 1
63731439 404016085 1
690990250 787278416 1
68035504 947813043 1
419244090 665647995 1
1005690 103336136 1
646114403 56902765 1
449386692 876296704 1
412666820 346352847 1
968886201 896238068 1
976053859 130227475 1
156442779 23092689 1
93682530 52426975 1
569785944 859159101 1
750052222 181161532 1
833768707 752626824 1
951976101 114906083 1
853724650 788032689 1
241873565 681253257 1
512831952 162116893 1
70792946 185643920 1
529968394 82467565 1
834101554 57077532 1
322082585 536575912 1
996728089 665905571 1
151101093 482180818 1
634883540 70611687 1
307837898 670684559 1
152712422 984014295 1
175997257 394305139 1
947059290 837152395 1
339273831 759472174 1
390766123 425522715 1
754206572 95296818 1
57943573 464784179 1
425531221 789201958 1
461312886 782455424 1
127883658 323489110 1
285066552 809114468 1
40557153 540917803 1
951011226 541050925 1
323329272 739172571 1
658630091 599959212 1
547161458 544983592 1
246434847 674555917 1
548743916 536801455 1
21356709 551988983 1
285500402 468541695 1
290650809 358376616 1
829812060 761623385 1
940226345 582100679 1
964912690 587196739 1
294885437 564973729 1
154442769 226825287 1
262264009 969383738 1
146946077 263903192 1
911349544 911650713 1
198220113 965185018 1
70614863 232060855 1
549747749 592826686 1
686375270 644812644 1
132417406 596123974 1
908773456 178921291 1
721278096 768238253 1
729555447 647965780 1
500737679 128470137 1
809953816 629877747 1
980745778 293788464 1
873605771 208617079 1
315705563 568769237 1
465901280 367539966 1
901680505 274157513 1
94763056 638528240 1
255000323 367397540 1
729355236 518639605 1
136845533 105638938 1
283512212 903049509 1
669636880 413231440 1
706438392 878607373 1
908474799 589906602 1
680627042 469325896 1
215439291 670776757 1
693768729 330370845 1
599622304 169083817 1
977426007 906461974 1
292424269 689511514 1
502743055 244256523 1
954007205 197829058 1
465701228 107401658 1
897726263 435198540 1
169779009 491133595 1
695909574 432885388 1
50296135 12441826 1
66640354 644827399 1
964175149 775978658 1
855027911 995907575 1
648662679 590200761 1
240289434 927031164 1
161265451 460752 1
497540216 986371288 1
657269432 184165870 1
892317154 46112749 1
840502267 833919981 1
202841604 902769007 1
813308132 445636838 1
409477305 569485092 1
393266335 76768940 1
799601474 60168345 1
861066401 532122890 1
889327131 118598966 1
788689359 763020008 1
165280826 229451262 1
250218010 964115802 1
55746522 885587939 1
581546767 671542365 1
861408405 631256820 1
281847383 296451598 1
282049227 738195228 1
261484790 324173836 1
796197924 828310428 1
250344699 805735408 1
304232971 410607741 1
506154009 827213925 1
468207927 731043948 1
663685972 722396981 1
508537128 170081982 1
998414329 115670423 1
88242086 516042740 1
172614679 584010894 1
260143173 176979629 1
391314024 513201271 1
490838778 180747713 1
221457887 183174926 1
681728347 136074705 1
739000255 935487729 1
367487084 871424460 1
818860143 252152747 1