200
351658293 673601157 1
366970624 120393588 1
520575933 402478248 1
235309957 468484606 1
394747991 568185442 1
554194718 914779551 1
801452799 336755899 1
775469689 230238589 1
20750070 522303027 1
585575532 564968379 1
973526940 185009324 1
255974913 396252632 1
271205948 519112072 1
36559166 802278299 1
321613224 194293191 1
620045202 451134218 1
522319024 621401627 1
829807490 724359276 1
383955988 426601162 1
953915895 193370709 1
953095091 282118501 1
925052247 595876580 1
810781389 587693986 1
540379784 647569238 1
76022197 472495166 1
351332683 291889400 1
627629723 190439571 1
896641110 507425164 1
812557744 141855880 1
769485044 54234292 1
659831949 906494708 1
378099534 609672772 1
871655603 938560353 1
246536916 139528207 1
383642278 164019132 1
595149397 106812270 1
166212631 273458900 1
392217914 685525292 1
928619373 974119941 1
451682793 350924695 1
57131970 521831604 1
253152752 352019129 1
857523412 693889504 1
495953773 737954294 1
238425103 931755668 1
229318936 834730455 1
169466374 162234208 1
28712081 336782652 1
669791558 765863324 1
284624290 502335713 1
965532770 36027321 1
930054744 340448883 1
178002489 479650885 1
745856006 512977333 1
792701390 235708923 1
251384221 362050986 1
48758723 938472213 1
511086905 537827246 1
983477154 154854173 1
498008000 118687107 1
537185488 666289271 1
316072909 265815732 1
683438280 343060459 1
5696846 808983543 1
907785780 361096557 1
340499836 502991445 1
230433661 334115083 1
622398391 36757248 1
963502255 66605482 1
56710497 380150200 1
701331095 881726561 1
682820224 549799466 1
420992607 138293337 1
899899888 740711231 1
143588510 296426897 1
115224038 302370017 1
28288080 827114245 1
381917613 372342828 1
719896844 301981400 1
110533631 637193902 1
325803486 891654281 1
237434123 423953523 1
890830164 839899788 1
724407903 761285591 1
698800651 85448207 1
821840881 524263383 1
22337293 97366542 1
736007180 144814655 1
399914395 572907145 1
210161392 413410481 1
777535997 820903619 1
413614890 59793517 1
162915524 767852807 1
455831448 890653734 1
718689171 349140974 1
449380274 855479408 1
78660967 871391052 1
551040410 747191991 1
817361496 544294763 1
235508546 772149751 1
208209676 2038036 1
847587030 892160675 1
642649371 372272629 1
910779168 194959960 1
156363572 894443860 1
605791614 984436125 1
771034041 291001239 1
628395833 755024712 1
762070197 864337474 1
1723382 376045918 1
886550105 709122659 1
112815716 36278970 1
813228798 823026357 1
877722544 551897162 1
288794746 378601138 1
384254017 855386689 1
99238730 55292799 1
404807806 449952076 1
61469582 594205645 1
705443042 855649171 1
813239049 270459516 1
422253236 816792067 1
868418688 734384980 1
7691047 891475760 1
680949854 67501035 1
8065003 179800586 1
538308810 800307837 1
49825613 16612943 1
818356089 656051187 1
150232960 134355802 1
662839855 280591038 1
52928047 79584136 1
393088969 692913215 1
398844897 541961470 1
113980401 813550701 1
912106118 410652989 1
269245314 513526438 1
726626235 710272563 1
427435910 552644908 1
262195026 391838629 1
120852039 912439939 1
955465677 868624552 1
15723499 850088312 1
364600067 377549154 1
740600931 912271016 1
457690976 878324420 1
299637460 250133176 1
368475914 62319282 1
184034057 280618685 1
126703172 290949614 1
780587894 856668714 1
618338321 717743937 1
320009963 828654904 1
214406116 770797577 1
594485524 7519511 1
503526389 621353087 1
561222532 761350127 1
834819300 205294650 1
624213532 171655642 1
914099959 164117649 1
542014484 383765492 1
778220439 355794179 1
132108222 599194407 1
866833649 639799239 1
736294134 53731447 1
83481228 477932840 1
800516431 109755954 1
646413453 42474055 1
422601769 714956057 1
738434544 174796179 1
887295885 539980210 1
32557354 747963946 1
798982877 581885144 1
99338855 57175737 1
710757595 49637850 1
316510740 824359210 1
243020998 303041389 1
743804513 816311990 1
596445849 707819215 1
43116245 726282390 1
610642893 699016394 1
928318476 304014733 1
83598245 711860324 1
799492803 23400839 1
964857374 181959421 1
832342159 634093650 1
893485146 855270791 1
103237076 593119096 1
917268588 949284537 1
684839025 527760025 1
439281796 384740995 1
153173019 147174676 1
639556591 760362039 1
293468396 65061731 1
635983424 114605577 1
1180407 817272100 1
90391927 536465893 1
289711252 423808203 1
172871434 164481156 1
415804048 706137476 1
568323481 664949847 1
644251650 59470523 1
889438198 509588840 1
19420170 286559992 1
896603939 326455350 1
76060115 614921647 1
7625915 350332052 1
193672559 135947273 1
415251298 824374966 1
936186691 348607270 1
203919314 150744867 1
592085049 916398197 1
169782309 567927929 1
760190704 634197198 1
369708579 703577490 1
725635690 544349507 1
936332095 951810541 1
691829739 555902351 1
435797075 400021532 1
510673471 452470601 1
122913488 489602230 1
53267995 243438580 1
87938843 736808414 1
625129695 727989821 1
60058293 969062807 1
249641792 183557301 1
575739903 928948862 1
326387357 838110756 1
40455919 157920529 1
548407253 260512191 1
731155142 524844982 1
810309621 88073438 1
242082177 97411470 1
627163573 811715921 1
528447403 570013432 1
683230533 708195423 1
835005201 372596361 1
721146769 619818605 1
869227601 943994043 1
679737601 202909598 1
232698776 145805530 1
909958241 831317382 1
76066993 320274397 1
187061586 202038811 1
191854268 685535312 1
396632253 218833290 1
246334829 515040280 1
684498347 120046148 1
710775142 148270017 1
670224972 981904562 1
839456079 809573978 1
380317423 189463134 1
697759192 643823817 1
455091867 846292902 1
400578872 348085465 1
238044153 444362390 1
4031998 448114639 1
36997555 186501301 1
348229263 824842070 1
611050201 689848835 1
325360519 47224376 1
588854248 360753961 1
961361837 732083757 1
407810123 226803533 1
45695157 934627918 1
447016479 292320496 1
929230995 378954685 1
212093476 988570364 1
302150046 851595930 1
395025283 427232575 1
679787535 158361369 1
7831272 246392657 1
803446203 238791987 1
972857753 754602725 1
485428415 497168530 1
993057461 907945106 1
590156888 926936099 1
889016771 523161915 1
263678976 111173790 1
685895701 180323396 1
714450513 157000126 1
611039226 302265942 1
237029916 705913044 1
655575942 998423503 1
854826192 341169494 1
777198905 764069198 1
497525260 836844309 1
537722309 458567487 1
526292239 283124474 1
884714835 764038074 1
714574364 902498305 1
960783438 211231988 1
69899789 302689894 1
560592945 361520926 1
783765806 539670411 1
8530144 918380750 1
680191754 194299000 1
817442131 706122472 1
702120210 766276486 1
275163718 412901601 1
469984375 132988226 1
427512166 488470477 1
192660722 948509422 1
516460591 734135897 1
58338644 743700347 1
486737174 606449233 1
502445758 171981432 1
390113813 762606875 1
149276582 767895813 1
130780969 886448743 1
194968268 369326275 1
866698170 84636767 1
547963831 137634481 1
645357726 641441713 1
723826688 619593338 1
204665493 292923102 1
890109663 698791379 1
15781843 978800922 1
733124364 304154724 1
589072650 682379570 1
282593292 875419914 1
316492869 531455019 1
398331104 358980603 1
526537198 101507123 1
28251268 371819854 1
749969862 137033679 1
247579842 859035838 1
567118519 193994320 1
955234141 757404787 1
413108454 193706662 1
626313441 946823877 1
341754304 286513620 1
848499316 354617303 1
202593705 935122747 1
739346674 486541595 1
457136028 231505960 1
620785908 282085765 1
743505035 277344672 1
551918069 117867484 1
873759991 362079341 1
643975497 701500317 1
598204512 975118375 1
563397945 336150576 1
897888783 433915108 1
401942580 98139034 1
914366926 585878811 1
507939430 426741798 1
434804533 594959540 1
648276922 258087559 1
313786767 65902408 1
828229846 626962441 1
875656154 638970048 1
267591132 20254494 1
457470789 50308797 1
831582493 224493749 1
391008306 292828971 1
601452492 126145550 1
439701961 409543701 1
991731860 560758835 1
388824798 756596810 1
297211564 72333162 1
559958924 750838760 1
244333169 330126726 1
346450711 830111050 1
270324124 632474586 1
542496317 598656189 1
138424188 111319156 1
940455987 34295595 1
656246828 293037164 1
477230649 155121769 1
265796123 483785949 1
477631168 307917247 1
435761105 466020962 1
654394068 522780089 1
835216544 776743080 1
716433788 589119718 1
898347835 300502620 1
522520985 912630673 1
493223719 70134025 1
370919272 677690936 1
308652965 843844144 1
725751897 508754947 1
906576335 373331054 1
27764861 68500003 1
125894356 146617135 1
834653903 851896214 1
282328896 934673907 1
425453700 667852768 1
552498505 329720809 1
549129714 223210188 1
74118681 488024168 1
115817767 647753204 1
578122871 427549640 1
561889439 346669661 1
64641572 440340748 1
901784660 972384790 1
867883474 936915126 1
803392590 390466518 1
68041307 755138902 1
458454824 551259509 1